0.179348 1.820983 1.167853 1.700945 1.335106 1.925431 0.998874 0.161275 0.224486 1.667410 0.190531 0.152990 53.472222 34.294890
0.538043 2.237051 1.336926 2.079240 1.225621 2.397065 1.398928 0.161649 0.317825 1.859878 0.141108 0.195607 49.653580 62.094591
0.896739 2.860760 1.605259 2.647318 1.474730 3.094381 1.643686 0.129020 0.447063 2.208287 0.050929 0.327884 47.743056 54.112118
1.255435 3.775133 1.811083 3.586223 1.651574 3.965438 1.899604 0.087037 0.379215 2.517179 0.151444 0.511472 49.816176 95.594849
1.614130 4.292209 1.468501 4.189289 1.267428 4.396893 1.651288 0.087855 0.207605 2.081616 0.110519 0.591490 49.575071 47.525933
1.972826 4.596623 1.650477 4.537471 1.759971 4.652022 1.541585 0.077685 0.114551 2.339654 0.089444 0.704090 51.638270 158.569800
2.331522 4.768615 1.656444 4.651634 1.665140 4.889576 1.618671 0.077278 0.237942 2.322238 0.053413 0.726386 49.163880 35.157932
2.690217 4.845684 1.665924 4.805220 1.647196 4.889069 1.682365 0.075038 0.083850 2.354486 0.033258 0.745151 48.258706 -127.515535
3.048913 4.774117 1.620706 4.787856 1.548359 4.761142 1.688680 0.071349 -0.026714 2.291081 0.007493 0.767075 51.431210 133.543909
3.407609 4.712201 1.706413 4.674931 1.682285 4.749279 1.727660 0.068436 0.074348 2.411409 -0.003573 0.778661 50.129199 57.295073
3.766304 4.786400 1.602250 4.785106 1.594027 4.787737 1.610746 0.067678 0.002630 2.266148 0.018877 0.779652 49.172577 -98.845918
4.125000 4.652272 1.936539 4.774409 1.715699 4.524385 2.135800 0.061403 -0.250024 2.739574 -0.054587 0.786186 48.850119 -292.472614
