0.128906 2.711626 1.686811 2.502794 1.451008 2.893611 1.821177 0.185739 0.390818 2.328542 0.207215 0.183855 53.434768 3353.378293 0.352453
0.386719 3.023321 2.030583 2.660249 1.517877 3.428153 2.291388 0.156803 0.767904 2.748529 0.090496 0.228986 47.280879 4871.437324 0.511017
0.644531 3.460604 2.438724 2.940620 1.618029 4.121922 2.701272 0.131078 1.181301 3.148791 0.066599 0.284240 44.017892 5225.795245 0.792822
0.902344 4.016167 2.656340 3.402524 1.827935 4.810492 2.610276 0.107950 1.407968 3.186674 0.065426 0.354175 43.583589 6342.025592 0.916795
1.160156 4.564181 2.579366 3.931124 1.896193 5.372584 2.286487 0.089923 1.441460 2.970449 0.055592 0.431500 43.917757 5942.435229 0.931007
1.417969 5.080701 2.265566 4.522043 1.893524 5.747845 1.892070 0.078811 1.225801 2.676819 0.064588 0.503726 45.574855 6512.970923 0.798255
1.675781 5.453215 1.963764 5.011448 1.786082 5.957928 1.689061 0.070864 0.946480 2.458255 0.048956 0.570409 46.674756 4738.578755 0.633137
1.933594 5.734598 1.771258 5.417431 1.695670 6.077711 1.626480 0.066803 0.660280 2.349624 0.060415 0.616009 48.035275 4955.232294 0.479927
2.191406 5.932474 1.641958 5.743693 1.601617 6.129093 1.608196 0.063816 0.385400 2.269685 0.042311 0.662620 48.983281 3703.022050 0.287647
2.449219 6.056243 1.574820 5.952399 1.567526 6.161377 1.560234 0.062385 0.208978 2.211666 0.047683 0.681577 49.691298 3770.849712 0.192590
2.707031 6.118115 1.552062 6.066193 1.541930 6.170599 1.556823 0.059533 0.104406 2.191175 0.031918 0.716310 49.730933 1142.777274 0.140222
2.964844 6.121314 1.526714 6.129022 1.533886 6.112979 1.518826 0.051999 -0.016044 2.158619 -0.042701 0.781754 48.047047 -14012.923419 0.213626
