0.128906 2.701787 1.668270 2.513186 1.470272 2.865934 1.782694 0.194770 0.352747 2.310778 0.206837 0.180631 53.466186 3422.881843 0.351772
0.386719 2.964297 1.978876 2.630418 1.503811 3.338249 2.246266 0.163857 0.707832 2.703175 0.079207 0.219002 47.169257 4403.853589 0.481269
0.644531 3.458693 2.373009 2.974466 1.666082 4.056784 2.598842 0.131719 1.082318 3.087039 0.068467 0.282099 44.739812 5464.526867 0.724740
0.902344 3.989754 2.597015 3.413484 1.839106 4.725332 2.599480 0.107251 1.311848 3.184275 0.056753 0.352480 43.928061 5881.520621 0.849896
1.160156 4.563113 2.522151 3.969873 1.923694 5.308260 2.276557 0.089817 1.338387 2.980488 0.060142 0.427538 44.324973 5585.587607 0.888169
1.417969 5.045122 2.264258 4.520648 1.899268 5.673836 1.976766 0.075474 1.153187 2.741318 0.049923 0.506785 45.480317 4658.081820 0.769827
1.675781 5.462813 1.963015 5.047533 1.807390 5.927651 1.728101 0.068449 0.880118 2.500598 0.056433 0.569321 47.184520 5648.587698 0.580068
1.933594 5.747026 1.742161 5.457550 1.669830 6.055322 1.634904 0.064217 0.597772 2.336931 0.054671 0.618739 48.425745 5488.919857 0.403354
2.191406 5.937677 1.610148 5.761796 1.608273 6.117622 1.548036 0.060925 0.355826 2.232254 0.044001 0.661180 49.428907 5521.915703 0.221835
2.449219 6.042747 1.576223 5.930519 1.570608 6.155986 1.556357 0.059085 0.225467 2.211121 0.049654 0.687947 49.775636 4655.454957 0.184934
2.707031 6.118756 1.546207 6.066785 1.530445 6.170746 1.556570 0.057854 0.103961 2.182928 0.040105 0.710780 49.990654 2991.604194 0.121755
2.964844 6.116947 1.549255 6.123389 1.557566 6.109969 1.540160 0.052285 -0.013420 2.190458 -0.043200 0.764269 48.006799 -14593.771707 0.213139
