0.128906 3.037248 1.940997 2.817189 1.680518 3.227857 2.088341 0.202629 0.410668 2.680543 0.236128 0.223940 53.585462 4296.742947 0.397526
0.386719 3.150548 2.270850 2.818173 1.698808 3.519833 2.647305 0.176328 0.701659 3.145500 0.084614 0.246071 47.369807 4893.382813 0.493429
0.644531 3.516757 2.687254 3.086970 1.999171 4.028778 3.024768 0.138146 0.941808 3.625728 0.054984 0.289759 45.634257 5560.946083 0.597917
0.902344 4.016518 2.847100 3.540833 2.216787 4.596623 3.003308 0.108332 1.055790 3.732828 0.052328 0.356131 45.054859 4780.780328 0.707639
1.160156 4.550598 2.765733 4.036221 2.298420 5.176752 2.620446 0.086136 1.140532 3.485609 0.049862 0.435510 45.099751 4627.188349 0.763038
1.417969 5.009929 2.509571 4.517070 2.279845 5.585708 2.162648 0.072572 1.068638 3.142410 0.052926 0.505085 46.120281 5709.467724 0.686313
1.675781 5.398977 2.141961 4.999667 2.050793 5.846079 1.865608 0.065053 0.846412 2.772407 0.051548 0.569592 47.176783 4971.271772 0.564744
1.933594 5.675325 1.894615 5.381247 1.869380 5.992378 1.728061 0.060571 0.611131 2.545737 0.044928 0.613834 48.120317 4189.264295 0.418571
2.191406 5.881031 1.715719 5.683240 1.717511 6.086643 1.630911 0.056593 0.403403 2.368484 0.041923 0.658566 49.030723 4235.051468 0.278230
2.449219 5.998960 1.608306 5.882416 1.613265 6.117250 1.575494 0.055380 0.234835 2.254952 0.046766 0.678328 49.628284 3849.104129 0.199720
2.707031 6.086526 1.578854 6.031174 1.578885 6.141815 1.572707 0.053976 0.110641 2.228516 0.040528 0.705323 50.028097 3345.053494 0.117071
2.964844 6.095849 1.534182 6.104248 1.538788 6.086804 1.529064 0.049988 -0.017444 2.169310 -0.038817 0.739313 48.149302 -13536.044822 0.195413
