0.128906 4.990504 3.241529 4.854058 3.271331 5.083914 3.199657 0.113306 0.229856 4.575960 0.555089 0.488589 59.361750 4683.970720 0.441496
0.386719 4.976804 3.171641 4.875620 3.179297 5.067830 3.147257 0.111949 0.192209 4.473607 0.192883 0.509452 52.642674 4766.613851 0.224830
0.644531 5.044783 3.136368 4.945441 3.143130 5.139596 3.111507 0.107773 0.194156 4.422752 0.117873 0.525825 51.166064 4574.956589 0.194732
0.902344 5.060831 3.156352 4.929262 3.186076 5.190983 3.092886 0.102690 0.261720 4.440385 0.071253 0.538446 50.270860 4499.353723 0.176201
1.160156 5.116885 3.077986 4.952764 3.084854 5.285462 3.014846 0.098598 0.332699 4.313423 0.062090 0.546345 49.330370 3431.880311 0.279353
1.417969 5.208835 2.966242 5.013095 2.997371 5.411911 2.852957 0.094969 0.398816 4.138067 0.052906 0.554022 49.080215 4276.840910 0.287966
1.675781 5.288044 2.885792 5.069922 2.992552 5.515395 2.673235 0.091998 0.445472 4.012674 0.044994 0.564212 48.964015 5348.167245 0.282357
1.933594 5.431065 2.728636 5.211511 2.903149 5.661810 2.441325 0.087911 0.450299 3.793197 0.041264 0.586778 48.757430 4695.624629 0.304817
2.191406 5.550644 2.453353 5.359569 2.655494 5.750764 2.163356 0.085163 0.391195 3.425165 0.036502 0.601423 48.843789 3844.080849 0.280421
2.449219 5.709588 2.131758 5.568518 2.307453 5.854193 1.910351 0.081524 0.285674 2.995626 0.036039 0.628093 49.381305 4420.708402 0.202208
2.707031 5.795394 1.948100 5.706271 2.070563 5.886016 1.807289 0.078135 0.179745 2.748368 0.029966 0.650897 49.583147 2696.214422 0.154762
2.964844 5.812035 1.823706 5.798480 1.874051 5.826618 1.769134 0.071689 0.028139 2.577189 -0.034446 0.685177 48.173537 -12928.058790 0.191272
