0.128906 3.567800 2.427990 3.334686 2.097797 3.762579 2.620539 0.164869 0.427894 3.356780 0.302609 0.291491 54.479578 4036.926162 0.464331
0.386719 3.589955 2.711144 3.281043 2.176167 3.920145 3.071945 0.150713 0.639102 3.764645 0.110789 0.299688 48.335335 4156.244568 0.499452
0.644531 3.784793 3.082183 3.365771 2.430971 4.271906 3.397826 0.134128 0.906135 4.177900 0.068365 0.332351 46.242793 5128.306690 0.604132
0.902344 4.136232 3.208480 3.660555 2.617601 4.710406 3.318915 0.112026 1.049851 4.226941 0.052288 0.379511 45.308994 4774.112609 0.695205
1.160156 4.571671 3.096890 4.072024 2.680883 5.165234 2.942202 0.093611 1.093210 3.980413 0.054729 0.442249 45.704636 5811.348504 0.702218
1.417969 4.989557 2.725106 4.534912 2.571133 5.515037 2.388032 0.082162 0.980125 3.509048 0.045018 0.501933 46.386425 5279.923039 0.622585
1.675781 5.337650 2.343476 4.957066 2.295775 5.762265 2.054797 0.073456 0.805199 3.081034 0.049273 0.557764 47.265820 4814.452520 0.538959
1.933594 5.614597 2.022252 5.311735 2.062660 5.939944 1.774460 0.068257 0.628209 2.720896 0.048700 0.603148 48.210459 5314.513385 0.413750
2.191406 5.822372 1.788758 5.608499 1.821342 6.045909 1.656923 0.065287 0.437410 2.462251 0.050426 0.636687 48.895195 4595.822006 0.321256
2.449219 5.960340 1.657052 5.833481 1.685338 6.089774 1.595020 0.063492 0.256293 2.320442 0.038103 0.664731 49.497623 3790.157669 0.193618
2.707031 6.042232 1.589602 5.967221 1.608155 6.118377 1.559260 0.061900 0.151156 2.239967 0.034242 0.680988 49.624852 1809.588153 0.162691
2.964844 6.057686 1.556668 6.050227 1.569863 6.065657 1.542442 0.055803 0.015430 2.200818 -0.037708 0.732719 48.338890 -11435.898334 0.165297
