0.128906 4.358341 3.275517 4.122279 3.130697 4.535969 3.311005 0.133271 0.413690 4.556756 0.466217 0.394427 57.062445 4652.201847 0.578056
0.386719 4.413117 3.155123 4.209830 3.016875 4.611453 3.210348 0.127395 0.401623 4.405436 0.146689 0.420149 50.616451 4160.372405 0.365506
0.644531 4.403597 3.239938 4.155937 2.938018 4.659882 3.423220 0.120523 0.503945 4.511140 0.080058 0.423896 49.144169 4537.726804 0.343575
0.902344 4.487493 3.369618 4.141392 3.083482 4.866346 3.408180 0.112896 0.724955 4.596036 0.057588 0.437923 47.741093 5360.078983 0.450408
1.160156 4.659284 3.377937 4.277602 3.199558 5.090116 3.229230 0.105020 0.812513 4.545888 0.056171 0.457742 46.975371 4955.929301 0.549595
1.417969 4.970271 3.105507 4.582907 3.080387 5.404741 2.776620 0.093323 0.821834 4.147096 0.043814 0.503178 47.134049 5459.561097 0.513910
1.675781 5.260431 2.673305 4.915310 2.746296 5.643694 2.313084 0.083576 0.728384 3.590612 0.042376 0.551511 47.381708 4065.861109 0.497359
1.933594 5.490916 2.306370 5.195752 2.406708 5.814135 1.996623 0.077095 0.618383 3.127099 0.039234 0.589115 47.731603 2932.346614 0.451327
2.191406 5.710480 2.023733 5.479466 2.134279 5.949670 1.796807 0.072249 0.470204 2.789922 0.052418 0.624110 49.130609 7111.720353 0.289407
2.449219 5.860914 1.798239 5.714875 1.882345 6.011480 1.666868 0.070099 0.296605 2.514293 0.035105 0.652225 49.236997 3342.435647 0.224451
2.707031 5.941164 1.673789 5.847858 1.719032 6.035626 1.610249 0.068542 0.187768 2.355414 0.033510 0.665737 49.692182 3518.496032 0.149170
2.964844 5.967588 1.613207 5.949001 1.640763 5.987587 1.582787 0.061715 0.038586 2.279763 -0.038651 0.711176 48.171759 -12045.613853 0.185465
