0.128906 6.016999 1.780872 5.896485 1.753864 6.095403 1.782847 0.091117 0.198918 2.500916 0.719096 0.645899 60.585042 4538.958411 0.513702
0.386719 6.034051 1.711118 5.995328 1.691959 6.067478 1.725245 0.090687 0.072150 2.416442 0.277812 0.681551 53.671346 4742.008191 0.247739
0.644531 5.979228 1.821856 5.933977 1.802716 6.021246 1.835961 0.091518 0.087269 2.573040 0.143080 0.682543 51.852519 4414.830704 0.133486
0.902344 5.919003 1.918904 5.859490 1.991403 5.975878 1.842998 0.091969 0.116388 2.713361 0.107001 0.675012 51.133211 4505.721348 0.141700
1.160156 5.840058 2.047255 5.748711 2.074791 5.928994 2.004413 0.094482 0.180283 2.884862 0.087885 0.655314 50.668907 5206.810067 0.159490
1.417969 5.761868 2.171577 5.639425 2.252115 5.883812 2.061565 0.098062 0.244387 3.053207 0.059391 0.630110 50.101895 5257.758907 0.162595
1.675781 5.623276 2.441343 5.431999 2.618838 5.822498 2.178681 0.099215 0.390498 3.406606 0.040208 0.613598 48.982722 3790.780892 0.272976
1.933594 5.515875 2.616927 5.252396 2.872491 5.799164 2.187256 0.098796 0.546768 3.610442 0.040100 0.602726 48.188460 3946.760870 0.389591
2.191406 5.414541 2.796394 5.113506 3.142937 5.744664 2.208005 0.098586 0.631158 3.841007 0.031090 0.583813 47.695637 3986.956656 0.429522
2.449219 5.413066 2.750003 5.121958 3.125490 5.731867 2.144356 0.097145 0.609909 3.790376 0.027285 0.582500 47.729709 3932.330735 0.412908
2.707031 5.460623 2.418483 5.273554 2.714817 5.662583 2.019992 0.093084 0.389029 3.383874 0.025421 0.598759 48.086141 -1052.000120 0.361459
2.964844 5.484871 2.227555 5.445422 2.362395 5.528710 2.074059 0.081042 0.083288 3.143666 -0.039138 0.653058 47.364930 -16791.330838 0.299552
