0.128906 5.813864 2.085671 5.738352 1.984909 5.861507 2.143377 0.094275 0.123154 2.921289 0.728878 0.622680 61.314286 4809.064220 0.453417
0.386719 5.768096 2.088826 5.731676 2.013202 5.799568 2.152038 0.092506 0.067892 2.946905 0.240964 0.641719 53.644570 4679.728642 0.161029
0.644531 5.751423 2.167224 5.677067 2.159537 5.821288 2.164370 0.094803 0.144221 3.057466 0.143097 0.634640 51.556995 4419.546721 0.191181
0.902344 5.689840 2.277459 5.543727 2.336071 5.835204 2.176776 0.095706 0.291477 3.193053 0.088423 0.626303 50.128659 3988.933210 0.245607
1.160156 5.594586 2.470554 5.401634 2.539757 5.788582 2.325911 0.098695 0.386947 3.443868 0.083561 0.604851 49.865057 5882.216800 0.270395
1.417969 5.469707 2.745061 5.194268 2.886006 5.761195 2.430651 0.099642 0.566927 3.773208 0.046823 0.588618 48.584488 5224.340784 0.347061
1.675781 5.356416 2.955403 5.004848 3.121532 5.744691 2.484667 0.099479 0.739843 3.989678 0.041290 0.575987 47.519370 4957.974793 0.482268
1.933594 5.329906 2.999520 4.946333 3.232180 5.758766 2.390971 0.099189 0.812433 4.020415 0.036059 0.564127 47.212919 5957.683503 0.505816
2.191406 5.417038 2.753831 5.072714 3.050748 5.797974 2.149068 0.095859 0.725260 3.731696 0.038254 0.577871 47.476033 5339.565682 0.480361
2.449219 5.571296 2.338824 5.313120 2.610152 5.848742 1.898639 0.091660 0.535622 3.227650 0.037066 0.599835 48.201250 4334.348389 0.378531
2.707031 5.673532 2.067097 5.518037 2.255996 5.837387 1.815717 0.087420 0.319350 2.895918 0.025576 0.627120 48.691238 753.782607 0.277015
2.964844 5.687400 1.899073 5.656929 1.963312 5.721040 1.826001 0.076469 0.064111 2.681207 -0.037648 0.680593 47.529711 -16259.566316 0.286922
