0.128906 3.294539 2.125587 2.999636 1.736780 3.548830 2.321194 0.172370 0.549195 2.899025 0.284459 0.256308 53.697510 4171.541828 0.509697
0.386719 3.381181 2.522863 2.947160 1.797226 3.883774 2.892410 0.156997 0.936614 3.405298 0.092828 0.275561 46.339363 4814.406802 0.632375
0.644531 3.635616 2.959063 3.089409 2.040433 4.335570 3.264014 0.130833 1.246161 3.849306 0.062035 0.308706 43.831190 5056.736024 0.821074
0.902344 4.105213 3.093415 3.485420 2.249210 4.908907 3.044060 0.110448 1.423487 3.784871 0.058945 0.364497 43.540458 6137.896084 0.908157
1.160156 4.560153 2.881563 3.937857 2.241903 5.347876 2.580561 0.093887 1.410019 3.418395 0.056794 0.428810 44.133923 6343.919356 0.900790
1.417969 5.024853 2.554847 4.466918 2.173599 5.696734 2.187665 0.082562 1.229816 3.083896 0.050018 0.494849 45.367345 6127.639612 0.773454
1.675781 5.374155 2.219621 4.906811 2.059672 5.914949 1.859515 0.072836 1.008137 2.774896 0.049942 0.559097 46.357138 4871.373692 0.675083
1.933594 5.655446 1.900571 5.312923 1.874333 6.030151 1.660526 0.067412 0.717228 2.504091 0.050208 0.605491 47.756498 4931.585385 0.488194
2.191406 5.859358 1.736684 5.629069 1.714457 6.102589 1.644987 0.063871 0.473520 2.375993 0.045149 0.646423 48.633343 3886.685105 0.348038
2.449219 5.986385 1.596237 5.848500 1.607753 6.126939 1.545362 0.061561 0.278440 2.230026 0.044552 0.673772 49.520819 4483.045819 0.209887
2.707031 6.062274 1.565298 5.985417 1.564107 6.140203 1.554442 0.060082 0.154785 2.205158 0.032968 0.699561 49.653935 2093.679075 0.155076
2.964844 6.084161 1.548864 6.089084 1.547805 6.078858 1.549950 0.052842 -0.010226 2.190444 -0.039918 0.761122 48.137803 -13189.061294 0.200328
