0.128906 3.491299 2.131472 3.129632 1.785328 3.814425 2.219454 0.152729 0.684793 2.848398 0.304842 0.280745 52.814041 3707.630101 0.638589
0.386719 3.515497 2.653606 3.018855 1.912821 4.110398 2.891592 0.149059 1.091543 3.467015 0.107815 0.288988 45.499133 4539.468965 0.770986
0.644531 3.691632 3.082762 3.085531 2.043594 4.496345 3.327153 0.130961 1.410814 3.904642 0.065255 0.319382 42.961058 5075.624329 0.935847
0.902344 4.098764 3.176169 3.437011 2.176993 4.979498 3.147462 0.112580 1.542487 3.826985 0.062294 0.368768 42.901720 6182.990251 0.996979
1.160156 4.576318 2.969530 3.913651 2.261481 5.439097 2.575274 0.095791 1.525446 3.427292 0.052982 0.430256 43.440833 5808.479061 0.978735
1.417969 5.013920 2.601185 4.411355 2.204285 5.759240 2.087511 0.085381 1.347885 3.035881 0.052060 0.490414 44.704439 5738.121264 0.867207
1.675781 5.360628 2.229314 4.870515 2.038789 5.936446 1.839375 0.076301 1.065931 2.745899 0.048946 0.554723 45.979810 4410.458550 0.725017
1.933594 5.642042 1.929033 5.266514 1.875776 6.057973 1.658828 0.069785 0.791459 2.504046 0.046364 0.601100 47.447619 5040.885587 0.522070
2.191406 5.846277 1.734540 5.599539 1.737470 6.105456 1.600339 0.067360 0.505918 2.362178 0.053482 0.634296 48.770531 5636.668036 0.349946
2.449219 5.991380 1.615086 5.846529 1.600800 6.139790 1.586201 0.066803 0.293261 2.253574 0.042695 0.658809 49.393469 4235.664312 0.223178
2.707031 6.071418 1.563060 5.995672 1.556828 6.148121 1.557677 0.063697 0.152449 2.202287 0.037097 0.700342 49.686149 2301.095834 0.162386
2.964844 6.078524 1.524652 6.069975 1.537278 6.087917 1.510609 0.055257 0.017943 2.155264 -0.040023 0.770321 47.645859 -15904.576055 0.289080
