0.128906 4.476482 2.493202 4.154683 2.284702 4.719955 2.513324 0.120937 0.565272 3.396566 0.471565 0.411166 56.928181 4598.724592 0.583602
0.386719 4.298013 2.930068 3.843079 2.385226 4.791863 3.052958 0.126979 0.948784 3.874255 0.133697 0.397311 47.949195 4798.524904 0.641600
0.644531 4.150698 3.412842 3.552759 2.587811 4.900692 3.436735 0.126247 1.347934 4.302083 0.076570 0.380685 44.359693 5273.212646 0.877548
0.902344 4.272040 3.542433 3.612471 2.728768 5.146723 3.279486 0.117811 1.534251 4.266287 0.063087 0.395428 42.989611 5348.493695 1.017917
1.160156 4.589014 3.371017 3.919143 2.702738 5.461938 2.895122 0.104568 1.542795 3.960622 0.050865 0.439077 43.419271 6142.751182 0.978126
1.417969 4.970629 2.862177 4.373634 2.503394 5.707871 2.321590 0.093653 1.334237 3.414200 0.049769 0.485630 44.744318 5991.416629 0.848409
1.675781 5.304604 2.469120 4.790266 2.315832 5.915785 1.963374 0.083579 1.125519 3.036102 0.045746 0.545495 45.697839 4703.302227 0.749924
1.933594 5.565553 2.115131 5.163212 2.078990 6.018022 1.769000 0.078349 0.854811 2.729755 0.049635 0.587009 47.067920 4957.625013 0.582842
2.191406 5.763848 1.860026 5.465617 1.875180 6.087423 1.642383 0.074087 0.621805 2.492734 0.046529 0.628584 47.962071 4026.767055 0.452588
2.449219 5.915827 1.685723 5.717389 1.704007 6.123710 1.582101 0.071240 0.406321 2.325228 0.040388 0.661666 48.837818 3758.969091 0.304767
2.707031 6.001109 1.601807 5.897378 1.610134 6.107557 1.570889 0.068416 0.210180 2.249494 0.037244 0.691292 49.353572 1673.194003 0.216424
2.964844 6.014701 1.566080 5.992931 1.567564 6.038690 1.563348 0.059837 0.045759 2.213891 -0.041208 0.757672 47.574214 -15684.605384 0.294380
