0.128906 5.119962 2.348898 4.882948 2.304221 5.290390 2.311583 0.107725 0.407442 3.263871 0.576806 0.500347 58.171296 4471.262841 0.636515
0.386719 5.019612 2.639849 4.695898 2.476056 5.343680 2.593896 0.106404 0.647782 3.585965 0.180329 0.514205 49.972658 4110.992754 0.544410
0.644531 4.759681 3.110507 4.314439 2.745997 5.257932 3.048318 0.112468 0.943493 4.102773 0.093651 0.468454 47.190812 4574.256384 0.642505
0.902344 4.584024 3.572187 4.022425 3.082271 5.269041 3.315815 0.115071 1.246617 4.527143 0.062283 0.442060 45.049842 5277.048541 0.802672
1.160156 4.659072 3.655327 4.046545 3.174444 5.444726 3.173643 0.108972 1.398181 4.488776 0.050496 0.454228 43.808797 4383.976534 0.939016
1.417969 4.939449 3.212359 4.347350 2.964079 5.675476 2.543454 0.098653 1.328126 3.905755 0.050592 0.494515 44.581552 5264.876216 0.876479
1.675781 5.246495 2.732448 4.716062 2.653563 5.881352 2.087071 0.090032 1.165290 3.375984 0.044632 0.537774 45.519431 5060.655201 0.763850
1.933594 5.509728 2.287672 5.086748 2.322477 5.986812 1.819010 0.086591 0.900064 2.950033 0.052346 0.568229 46.994452 6105.154938 0.592147
2.191406 5.693777 1.979391 5.378717 2.054483 6.037719 1.670757 0.081899 0.659002 2.648080 0.038742 0.604303 47.808644 4429.029754 0.444647
2.449219 5.836023 1.777585 5.617918 1.828956 6.065728 1.620618 0.078378 0.447810 2.443661 0.042455 0.637769 48.704767 4334.092970 0.327330
2.707031 5.936355 1.630935 5.810829 1.680025 6.066127 1.547053 0.074739 0.255299 2.283825 0.030915 0.670308 49.168269 1816.788792 0.224998
2.964844 5.946172 1.572956 5.926068 1.611696 5.968414 1.529157 0.064771 0.042346 2.221685 -0.043775 0.737082 47.476607 -16666.022971 0.296916
