0.128906 3.990488 2.893372 3.791814 2.705736 4.148098 2.986072 0.150497 0.356284 4.029595 0.371955 0.337884 55.762737 4329.740259 0.498837
0.386719 3.986669 2.979778 3.755001 2.624565 4.215599 3.225346 0.144914 0.460598 4.158269 0.127688 0.357282 50.297332 4997.409716 0.350283
0.644531 4.000983 3.255754 3.659495 2.763133 4.375968 3.528030 0.132524 0.716473 4.481283 0.069067 0.365828 47.662398 5109.938452 0.467561
0.902344 4.219519 3.381447 3.801528 2.899920 4.702698 3.502645 0.118388 0.901170 4.547313 0.058144 0.391447 46.383149 5363.203701 0.593435
1.160156 4.576581 3.232952 4.139796 2.949735 5.089023 3.078802 0.099742 0.949227 4.263796 0.039128 0.441788 46.014867 4340.193362 0.612883
1.417969 4.967768 2.930725 4.541682 2.829440 5.455920 2.600477 0.085038 0.914238 3.842943 0.048697 0.500970 46.605565 4985.119814 0.601125
1.675781 5.290700 2.499544 4.913389 2.520575 5.709713 2.142518 0.076337 0.796323 3.308123 0.042554 0.551312 47.381546 5389.472008 0.498491
1.933594 5.561395 2.143253 5.276120 2.204729 5.866455 1.897426 0.070102 0.590334 2.908790 0.048046 0.599839 48.324193 5160.503214 0.393718
2.191406 5.750997 1.901750 5.529969 1.969608 5.982993 1.725426 0.066087 0.453023 2.618482 0.040312 0.633435 48.789458 4430.760622 0.306940
2.449219 5.903002 1.716300 5.745387 1.776841 6.063671 1.603448 0.064127 0.318284 2.393368 0.042011 0.654043 49.520321 5651.745528 0.200872
2.707031 5.980034 1.633225 5.896403 1.667529 6.064923 1.584098 0.062014 0.168520 2.300005 0.025196 0.671594 49.626726 2334.620055 0.134626
2.964844 6.011548 1.588722 5.994806 1.620833 6.029610 1.553451 0.055933 0.034804 2.245064 -0.042582 0.717478 48.104636 -12255.770556 0.186270
