0.128906 2.935260 1.968980 2.813255 1.829365 3.032924 2.059287 0.219515 0.219669 2.754494 0.235449 0.208973 55.540414 5092.505796 0.242826
0.386719 3.076997 2.154943 2.902729 1.836297 3.254067 2.416502 0.192941 0.351339 3.035040 0.079978 0.233454 49.601085 4678.184109 0.275063
0.644531 3.446726 2.502493 3.209530 2.109747 3.703267 2.800605 0.146883 0.493737 3.506340 0.047902 0.281790 48.041038 4377.834810 0.334799
0.902344 3.985208 2.684039 3.692778 2.335774 4.309825 2.870332 0.107937 0.617047 3.700628 0.042253 0.353432 47.391864 4033.303487 0.414983
1.160156 4.512381 2.661890 4.209238 2.456159 4.845497 2.676014 0.082861 0.636259 3.632323 0.039562 0.429777 47.644596 4182.315353 0.409180
1.417969 5.009623 2.440985 4.721771 2.365608 5.320494 2.336264 0.068786 0.598724 3.324790 0.048570 0.500500 48.077588 4302.296625 0.403962
1.675781 5.415082 2.138284 5.173197 2.167032 5.669833 1.981488 0.060510 0.496636 2.936379 0.044495 0.567141 48.704663 4538.278944 0.320302
1.933594 5.694643 1.872181 5.522515 1.918131 5.873636 1.761550 0.054124 0.351121 2.604283 0.037050 0.617751 49.022407 2785.702915 0.259092
2.191406 5.889048 1.691342 5.765121 1.708378 6.014076 1.643029 0.050510 0.248955 2.370253 0.049618 0.655560 49.778997 4521.284345 0.183517
2.449219 6.013210 1.640247 5.935935 1.660132 6.090144 1.608586 0.048561 0.154210 2.311620 0.041743 0.686095 50.110438 4460.473344 0.107596
2.707031 6.075538 1.575978 6.033985 1.568512 6.116738 1.579971 0.047862 0.082754 2.226328 0.033494 0.698405 50.212988 3615.635973 0.066078
2.964844 6.101742 1.551138 6.101914 1.560002 6.101562 1.541821 0.045213 -0.000351 2.193357 -0.029267 0.724776 48.752247 -8478.985577 0.119108
