0.128906 3.683202 2.169507 3.316936 1.803100 3.997835 2.270028 0.132869 0.680899 2.898999 0.330867 0.298018 53.791428 3560.288058 0.608631
0.386719 3.638259 2.773876 3.093542 1.936235 4.293921 2.995080 0.138279 1.200379 3.566442 0.115837 0.306098 45.378758 4656.534933 0.821185
0.644531 3.750672 3.163427 3.101170 2.062643 4.628032 3.310779 0.129374 1.526862 3.900737 0.071436 0.322773 42.538404 5238.502236 1.003652
0.902344 4.181037 3.243445 3.479708 2.223373 5.127560 3.060420 0.112336 1.647851 3.782798 0.065430 0.376223 42.560178 6260.690205 1.057554
1.160156 4.580314 3.048115 3.893148 2.301551 5.497837 2.572607 0.100005 1.604690 3.451875 0.056752 0.430534 42.822378 5008.397111 1.068405
1.417969 5.019501 2.606321 4.386483 2.176196 5.811228 2.016278 0.088810 1.424745 2.966682 0.059288 0.492731 44.430284 6118.045697 0.929439
1.675781 5.374295 2.208708 4.869970 2.012842 5.973304 1.780440 0.081053 1.103333 2.687285 0.050094 0.548981 45.709159 3948.603633 0.765276
1.933594 5.651440 1.932075 5.259940 1.842313 6.088663 1.669983 0.075551 0.828723 2.486556 0.054928 0.600797 47.241323 4978.826395 0.579229
2.191406 5.853145 1.728208 5.585690 1.720232 6.135679 1.581243 0.072762 0.549989 2.336563 0.053597 0.642224 48.629103 6132.667370 0.373798
2.449219 5.969512 1.601986 5.798176 1.584851 6.147591 1.557572 0.070233 0.349415 2.222112 0.044107 0.672018 49.035056 3440.187026 0.285944
2.707031 6.059190 1.573086 5.975164 1.549507 6.145392 1.582601 0.066935 0.170228 2.214859 0.032210 0.710926 49.361130 468.197466 0.201464
2.964844 6.073268 1.534617 6.066387 1.542562 6.080825 1.525782 0.057497 0.014438 2.169679 -0.044789 0.789485 47.657735 -15905.697527 0.279688
