0.128906 5.888490 1.926172 5.798630 1.818252 5.945169 1.985937 0.091793 0.146539 2.692580 0.743588 0.613386 61.321586 4776.717649 0.512435
0.386719 5.849495 1.801903 5.775808 1.857601 5.914561 1.743694 0.090813 0.138753 2.547774 0.242790 0.653062 53.107065 4371.892816 0.242355
0.644531 5.775970 2.015298 5.636459 2.035409 5.910954 1.958787 0.092515 0.274495 2.824843 0.139638 0.645218 50.824640 3988.990137 0.291097
0.902344 5.649903 2.256110 5.431384 2.335950 5.871052 2.078077 0.095301 0.439668 3.126510 0.095406 0.620054 49.700962 4603.637943 0.331381
1.160156 5.473340 2.605816 5.152910 2.679221 5.817016 2.298848 0.099608 0.664106 3.530287 0.069681 0.584847 48.249835 4657.587651 0.464570
1.417969 5.261837 3.044510 4.852289 3.133357 5.729310 2.533112 0.104674 0.877021 4.029216 0.046274 0.547764 46.697572 3803.879041 0.602709
1.675781 5.200250 3.277444 4.718581 3.387127 5.772907 2.543277 0.104841 1.054325 4.235668 0.045806 0.533630 45.685068 3764.584172 0.734903
1.933594 5.309931 2.990604 4.833160 3.180158 5.871245 2.184748 0.101225 1.038084 3.858306 0.038269 0.547621 45.927951 4683.453922 0.688092
2.191406 5.507894 2.518017 5.123767 2.748256 5.942455 1.901780 0.094910 0.818688 3.342107 0.034139 0.582066 46.919851 4099.067952 0.553613
2.449219 5.661186 2.107325 5.392254 2.305405 5.952426 1.729670 0.090143 0.560172 2.882126 0.040227 0.614187 48.008877 3443.394764 0.422435
2.707031 5.748711 1.867855 5.589833 1.992432 5.916378 1.681635 0.085750 0.326545 2.607237 0.030930 0.644908 48.654151 562.189200 0.302639
2.964844 5.764116 1.736959 5.731031 1.799108 5.801016 1.665057 0.074132 0.069985 2.451368 -0.043101 0.707898 47.273388 -17673.842423 0.325093
