0.128906 5.925125 1.894596 5.885582 1.943902 5.951362 1.860154 0.086976 0.065781 2.690526 0.714662 0.615035 60.113422 3904.053148 0.622675
0.386719 5.921042 1.962565 5.864979 2.003637 5.969533 1.921971 0.093452 0.104554 2.776425 0.276965 0.648027 53.621347 4919.531928 0.269768
0.644531 5.843529 2.051154 5.797642 2.047309 5.885634 2.050977 0.094846 0.087992 2.897927 0.152917 0.645876 52.149544 5107.569521 0.126552
0.902344 5.830070 2.102742 5.753763 2.172352 5.903202 2.025098 0.095095 0.149438 2.969871 0.098994 0.653329 51.062078 4822.573926 0.131916
1.160156 5.757149 2.191562 5.643159 2.241942 5.869839 2.116213 0.095531 0.226680 3.082963 0.068016 0.643081 50.286843 4592.320931 0.159745
1.417969 5.650839 2.435669 5.478512 2.587072 5.823524 2.224373 0.095974 0.345012 3.411858 0.067305 0.629234 49.948087 6419.933411 0.209733
1.675781 5.558507 2.575407 5.322157 2.751009 5.809399 2.266755 0.096408 0.487242 3.564580 0.045351 0.617985 48.507773 3545.206438 0.360908
1.933594 5.445842 2.777376 5.175836 2.997316 5.735309 2.379634 0.098892 0.559473 3.827083 0.032839 0.592166 48.260765 4870.140342 0.353746
2.191406 5.417709 2.778652 5.123239 3.100123 5.737130 2.233852 0.099700 0.613891 3.821107 0.032521 0.574831 47.967729 5333.706688 0.391023
2.449219 5.463170 2.627111 5.205043 2.953789 5.740609 2.127404 0.096271 0.535566 3.640154 0.036374 0.589270 48.197031 4701.702202 0.373727
2.707031 5.542638 2.317249 5.364473 2.553196 5.730515 1.999669 0.091673 0.366042 3.243067 0.030775 0.613994 48.673385 2517.415848 0.292487
2.964844 5.561256 2.140802 5.527422 2.244361 5.598718 2.023463 0.080887 0.071296 3.021847 -0.043633 0.659981 47.454781 -16805.749347 0.273136
