0.128906 5.545141 2.460297 5.419275 2.501380 5.628939 2.415376 0.097507 0.209664 3.477203 0.683961 0.558068 60.032406 4492.604182 0.622218
0.386719 5.491025 2.540451 5.420811 2.516443 5.553049 2.553456 0.099482 0.132238 3.585056 0.223808 0.590776 53.096877 4601.218867 0.218308
0.644531 5.437772 2.720384 5.337597 2.710789 5.532672 2.710961 0.101057 0.195075 3.833756 0.117932 0.578884 51.352337 4692.481120 0.158033
0.902344 5.395668 2.795488 5.214785 2.855352 5.575337 2.671247 0.100460 0.360552 3.910063 0.084073 0.571872 50.168501 5300.010293 0.228283
1.160156 5.325237 2.853943 5.098970 2.881522 5.557991 2.718734 0.098136 0.459020 3.961652 0.066842 0.571718 49.293423 5172.529929 0.302017
1.417969 5.271850 2.970554 5.005324 3.047850 5.556348 2.731281 0.099525 0.551024 4.092589 0.052815 0.556569 48.369251 4293.878257 0.388705
1.675781 5.275611 2.995581 4.950983 3.115851 5.628435 2.625843 0.098747 0.677451 4.074749 0.044042 0.556259 47.919017 5780.395428 0.426227
1.933594 5.365323 2.897106 5.023691 3.131758 5.744513 2.363328 0.095109 0.720821 3.923420 0.038949 0.568664 47.394747 4327.372424 0.490004
2.191406 5.506109 2.557564 5.214422 2.833790 5.821534 2.067361 0.091634 0.607113 3.507756 0.043566 0.589731 48.045099 5195.002683 0.417320
2.449219 5.655830 2.183037 5.452207 2.405163 5.871854 1.856728 0.086383 0.419647 3.038462 0.031052 0.619970 48.522381 2648.840068 0.317222
2.707031 5.754144 1.926971 5.629585 2.080929 5.882792 1.735386 0.083168 0.253207 2.709581 0.033133 0.642566 49.192636 2232.357993 0.224530
2.964844 5.755148 1.834876 5.733729 1.904753 5.778570 1.757416 0.074494 0.044841 2.591640 -0.043400 0.685362 47.766951 -15268.525419 0.231885
