0.128906 2.366842 1.412329 2.314402 1.396434 2.410897 1.421433 0.181924 0.096495 1.992611 0.167506 0.148378 54.344556 2191.354052 0.196827
0.386719 2.612745 1.463190 2.528252 1.387725 2.694826 1.522826 0.165654 0.166574 2.060287 0.071307 0.175930 50.724269 2859.556591 0.157845
0.644531 3.092279 1.569621 2.968790 1.459788 3.216710 1.649444 0.137415 0.247920 2.202645 0.059575 0.225051 49.810061 3662.804178 0.195400
0.902344 3.754333 1.653312 3.568522 1.527202 3.946764 1.711129 0.107039 0.378243 2.293536 0.059884 0.306657 49.124926 4391.141700 0.271139
1.160156 4.501839 1.670098 4.292792 1.542266 4.717492 1.710381 0.086456 0.424700 2.303039 0.071730 0.414995 49.222279 5259.485374 0.310857
1.417969 5.133448 1.629259 4.930442 1.531551 5.342462 1.643742 0.075064 0.412020 2.246672 0.069972 0.511738 49.270929 5143.304608 0.310232
1.675781 5.617705 1.592758 5.483300 1.536825 5.752981 1.612571 0.067230 0.269682 2.227604 0.066063 0.608348 49.838640 4846.030268 0.222656
1.933594 5.906162 1.576231 5.817232 1.528040 5.994367 1.608404 0.063014 0.177135 2.218529 0.061920 0.663041 50.204872 5063.879332 0.153679
2.191406 6.063084 1.563068 6.021173 1.563247 6.104373 1.559457 0.062646 0.083201 2.208087 0.049327 0.685285 50.373547 4396.540099 0.088147
2.449219 6.125378 1.546779 6.100014 1.530070 6.150356 1.561976 0.061768 0.050342 2.186523 0.046992 0.702122 50.383815 4025.014012 0.078728
2.707031 6.159049 1.562985 6.147770 1.582016 6.170097 1.544099 0.061679 0.022326 2.210660 0.041234 0.713704 50.518396 4616.341190 0.038948
2.964844 6.146871 1.541460 6.165024 1.545976 6.127581 1.535940 0.055816 -0.037443 2.179255 -0.042166 0.756684 48.480079 -12537.077374 0.132688
