0.128906 2.744175 1.673400 2.501375 1.461400 2.961026 1.763066 0.182861 0.459652 2.289998 0.214645 0.194200 52.822721 3299.066365 0.415765
0.386719 3.020596 2.093664 2.626641 1.513235 3.474250 2.377530 0.154424 0.847609 2.818249 0.085457 0.229264 46.478291 4547.773284 0.565945
0.644531 3.495565 2.454892 2.963670 1.616420 4.172459 2.703719 0.128256 1.208789 3.150065 0.069784 0.287979 44.002257 5314.206303 0.807747
0.902344 4.026270 2.679044 3.387060 1.776445 4.867526 2.621493 0.107548 1.480466 3.166699 0.064128 0.353479 43.176228 6258.849021 0.956926
1.160156 4.568512 2.606446 3.913930 1.899220 5.411740 2.254495 0.090152 1.497810 2.947844 0.056475 0.429165 43.702615 6161.240358 0.958950
1.417969 5.068349 2.270823 4.491881 1.880582 5.760198 1.861688 0.080085 1.268317 2.646218 0.065337 0.497412 45.451470 6946.377416 0.813222
1.675781 5.478699 1.968012 5.032767 1.780728 5.980898 1.702776 0.074189 0.948132 2.463826 0.057998 0.558374 47.032729 6672.527399 0.601972
1.933594 5.749266 1.740874 5.433537 1.654440 6.091246 1.609572 0.068615 0.657709 2.308223 0.055826 0.620984 48.004302 4780.007202 0.472764
2.191406 5.928362 1.636959 5.735764 1.612476 6.126684 1.584641 0.065087 0.390920 2.260789 0.048495 0.661734 49.268030 5646.930342 0.260871
2.449219 6.043085 1.593148 5.930849 1.569016 6.158393 1.591704 0.062886 0.227543 2.235024 0.038265 0.693547 49.324830 1804.630595 0.224022
2.707031 6.106053 1.558870 6.047265 1.552472 6.165927 1.558281 0.059742 0.118662 2.199639 0.037625 0.724704 49.542763 205.562549 0.188807
2.964844 6.114150 1.556224 6.118916 1.567941 6.108896 1.543256 0.051858 -0.010019 2.200018 -0.050259 0.798701 47.567635 -16947.231938 0.281189
