0.128906 4.681286 2.688172 4.461679 2.550743 4.844137 2.727799 0.121561 0.382458 3.734592 0.500734 0.433472 57.419981 4545.260307 0.584115
0.386719 4.549488 2.995368 4.249448 2.691731 4.847932 3.118777 0.123817 0.598484 4.119731 0.153051 0.437879 50.133316 4904.707025 0.442811
0.644531 4.435728 3.269002 4.019370 2.826248 4.900683 3.353664 0.124617 0.881313 4.385742 0.091042 0.417512 47.242932 5145.209554 0.604220
0.902344 4.408977 3.565271 3.910181 3.069109 5.018771 3.495834 0.121291 1.108590 4.651912 0.053655 0.415298 44.993751 3862.953915 0.761690
1.160156 4.618951 3.468064 4.068354 3.077249 5.306645 3.104626 0.107347 1.238290 4.371288 0.045531 0.449648 44.464242 4103.876382 0.835214
1.417969 4.919115 3.085864 4.385759 2.862389 5.565995 2.593433 0.093338 1.180236 3.862534 0.043353 0.494778 45.190629 4854.762812 0.772710
1.675781 5.235616 2.663364 4.760218 2.597951 5.785233 2.175624 0.084498 1.025015 3.388612 0.050771 0.542095 46.379581 6089.235649 0.661635
1.933594 5.498834 2.286283 5.107062 2.333889 5.940142 1.865012 0.077492 0.833080 2.987525 0.036289 0.585972 47.026961 4342.828428 0.547328
2.191406 5.712205 1.978477 5.423976 2.045983 6.022640 1.719923 0.073146 0.598664 2.672860 0.040101 0.620342 48.145339 4589.589712 0.401917
2.449219 5.854259 1.759417 5.656093 1.812976 6.061818 1.619107 0.070542 0.405726 2.430718 0.042703 0.648435 48.842324 3819.930902 0.308429
2.707031 5.943749 1.647251 5.829225 1.704674 6.061512 1.560850 0.067872 0.232287 2.311312 0.036640 0.673157 49.302649 2008.122292 0.220952
2.964844 5.974083 1.580567 5.964641 1.602906 5.984366 1.556036 0.060182 0.019725 2.233955 -0.044609 0.728899 47.867936 -14375.270342 0.224284
