0.128906 2.378017 1.414500 2.320713 1.388422 2.425665 1.431183 0.181776 0.104952 1.993991 0.173218 0.150155 54.599859 2307.779975 0.194397
0.386719 2.615970 1.488416 2.544221 1.416360 2.684361 1.547515 0.159898 0.140141 2.097827 0.070251 0.175677 51.198364 2984.914160 0.118035
0.644531 3.092709 1.572479 2.964820 1.464560 3.220140 1.647476 0.130656 0.255320 2.204340 0.061862 0.229583 50.089790 4079.927588 0.177469
0.902344 3.766251 1.652682 3.591582 1.509062 3.946904 1.737032 0.105825 0.355322 2.300989 0.064310 0.308362 49.157764 3964.983601 0.281103
1.160156 4.497802 1.660257 4.280945 1.534983 4.722920 1.690807 0.087617 0.441975 2.283638 0.075494 0.414224 49.065433 5058.850041 0.341412
1.417969 5.135573 1.610977 4.940205 1.521195 5.335053 1.623884 0.076170 0.394848 2.225092 0.073720 0.517267 49.479392 5653.718290 0.293233
1.675781 5.618684 1.579154 5.463531 1.524306 5.775148 1.585709 0.070967 0.311618 2.199541 0.073755 0.597687 49.789605 5716.322900 0.252622
1.933594 5.900752 1.565993 5.798865 1.535031 6.002224 1.576194 0.066948 0.203359 2.200160 0.061722 0.661740 50.101954 5353.516254 0.169048
2.191406 6.056789 1.558202 6.020020 1.538192 6.092837 1.575195 0.065111 0.072817 2.201652 0.047301 0.694903 50.494286 4996.288773 0.062153
2.449219 6.127975 1.542637 6.116016 1.527470 6.139741 1.557280 0.063930 0.023726 2.181349 0.045412 0.712844 50.407404 3518.878650 0.069554
2.707031 6.161465 1.557317 6.152736 1.553038 6.170154 1.561424 0.062563 0.017418 2.202266 0.036690 0.730956 50.115271 1411.358075 0.090927
2.964844 6.142350 1.539981 6.162430 1.556055 6.120423 1.521508 0.054241 -0.042007 2.176303 -0.044788 0.800401 47.802076 -17018.039162 0.256393
