0.128906 4.724312 3.045821 4.557751 2.946154 4.842799 3.082947 0.119447 0.285048 4.264316 0.513084 0.445627 58.432499 4558.288246 0.480833
0.386719 4.707202 3.137450 4.567237 3.030437 4.836584 3.201523 0.114349 0.269347 4.408322 0.169752 0.473026 51.964566 4471.209802 0.255763
0.644531 4.711945 3.249464 4.510196 3.153190 4.916870 3.263915 0.113629 0.406674 4.538254 0.103409 0.473180 49.609628 3860.814185 0.360287
0.902344 4.713904 3.366502 4.458991 3.220248 4.980544 3.380416 0.110081 0.521554 4.668749 0.071084 0.472381 48.875743 4862.727909 0.356985
1.160156 4.836707 3.289434 4.522473 3.214254 5.179329 3.146352 0.106041 0.656856 4.497884 0.055251 0.488399 47.839150 4625.905691 0.448104
1.417969 5.019843 3.147296 4.684880 3.141555 5.388560 2.894157 0.098001 0.703680 4.271477 0.045044 0.511042 47.601619 4849.247969 0.457626
1.675781 5.241936 2.858052 4.921801 2.977663 5.592632 2.491765 0.087352 0.670831 3.882701 0.041583 0.559942 47.722123 4444.172399 0.448958
1.933594 5.467886 2.485528 5.194608 2.630019 5.758597 2.167861 0.082828 0.563989 3.408317 0.042297 0.585334 48.454544 5714.446398 0.352487
2.191406 5.668417 2.133862 5.455260 2.275680 5.890839 1.888996 0.077726 0.435579 2.957537 0.038526 0.620019 48.936328 5235.573269 0.276523
2.449219 5.809994 1.891580 5.654903 2.015615 5.968866 1.714640 0.075164 0.313963 2.646260 0.044130 0.639434 49.397673 5067.996964 0.225085
2.707031 5.892943 1.763854 5.798802 1.852300 5.988073 1.656473 0.073426 0.189271 2.484938 0.034061 0.662620 49.738553 4015.440436 0.143410
2.964844 5.912739 1.680871 5.912636 1.699153 5.912849 1.661228 0.067659 0.000213 2.376300 -0.042847 0.697530 48.207058 -13456.547231 0.163735
