0.128906 3.702431 2.988479 3.541446 2.713732 3.826652 3.165052 0.155171 0.285206 4.169160 0.340288 0.311625 56.445341 4287.316743 0.363884
0.386719 3.804903 3.055261 3.634971 2.883640 3.969398 3.166380 0.143914 0.334427 4.282679 0.117196 0.328314 50.812714 4424.113132 0.266412
0.644531 4.019223 3.180088 3.849510 3.000633 4.190157 3.302605 0.127203 0.340647 4.462174 0.080349 0.367551 49.820789 4437.045130 0.260916
0.902344 4.303835 3.203249 4.092992 3.004954 4.521196 3.314599 0.111178 0.428205 4.473960 0.060595 0.408879 49.238987 5172.709099 0.271672
1.160156 4.627662 3.098008 4.407191 3.015614 4.858610 3.080063 0.098009 0.451419 4.310535 0.055510 0.458610 48.839566 4664.564622 0.313296
1.417969 4.999181 2.833989 4.777294 2.810159 5.231902 2.753186 0.085169 0.454608 3.934085 0.041416 0.510140 48.808416 4528.769582 0.284775
1.675781 5.330282 2.517703 5.123892 2.591718 5.543289 2.351979 0.076270 0.419397 3.499830 0.052315 0.569014 49.211072 5569.547308 0.270275
1.933594 5.573249 2.201956 5.415285 2.286237 5.734928 2.064014 0.072304 0.319643 3.080103 0.043401 0.606031 49.418892 4611.467661 0.216814
2.191406 5.779382 1.936690 5.661820 1.997004 5.898074 1.847756 0.067639 0.236253 2.720703 0.041968 0.646840 49.760933 4655.751622 0.162910
2.449219 5.898245 1.784164 5.823483 1.864546 5.973052 1.692543 0.064812 0.149569 2.518180 0.043471 0.668774 49.984573 4020.280932 0.132860
2.707031 5.988741 1.660448 5.940401 1.687517 6.037002 1.628761 0.063893 0.096601 2.345331 0.028825 0.678152 50.041642 3199.207861 0.079878
2.964844 6.017224 1.607068 6.011816 1.629105 6.022893 1.583905 0.060140 0.011077 2.272166 -0.030901 0.702250 48.822931 -8424.498536 0.099052
