0.128906 3.579329 2.871565 3.430657 2.662205 3.694560 3.003424 0.165476 0.263904 4.013464 0.332995 0.287823 56.335661 4511.872058 0.381262
0.386719 3.614423 2.854437 3.476432 2.622852 3.748175 3.042562 0.155463 0.271743 4.017031 0.107148 0.307081 50.779888 4189.907277 0.242450
0.644531 3.834343 2.986837 3.657036 2.719598 4.014306 3.193783 0.136442 0.357270 4.194814 0.069992 0.338232 49.628352 4786.728375 0.249786
0.902344 4.196949 3.157088 3.970313 2.925555 4.437521 3.290461 0.114049 0.467208 4.402954 0.053864 0.393872 48.508563 4037.512585 0.334373
1.160156 4.593193 3.029655 4.349430 2.894884 4.851846 3.042705 0.096022 0.502417 4.199811 0.051028 0.450528 48.518234 4639.589116 0.339312
1.417969 4.959023 2.734544 4.731177 2.701710 5.201896 2.655219 0.082069 0.470719 3.788064 0.041905 0.506546 48.403764 3240.600315 0.340671
1.675781 5.314545 2.443692 5.110111 2.486292 5.528135 2.309899 0.072517 0.418025 3.393712 0.043887 0.564199 48.904927 4076.343186 0.288542
1.933594 5.598042 2.097564 5.444425 2.162896 5.755801 1.981348 0.066253 0.311376 2.933233 0.045700 0.609602 49.334740 3770.526622 0.236886
2.191406 5.788384 1.900098 5.667787 1.961702 5.910764 1.807849 0.062474 0.242977 2.667694 0.038394 0.642194 49.633345 3923.151113 0.171699
2.449219 5.926389 1.727623 5.844126 1.757411 6.008378 1.684467 0.060737 0.164253 2.434322 0.042146 0.663122 50.083432 4962.930899 0.113466
2.707031 6.020664 1.655535 5.965926 1.693905 6.074884 1.611620 0.058716 0.108958 2.338084 0.039099 0.684822 50.237723 4789.223466 0.079307
2.964844 6.028002 1.599695 6.029737 1.604198 6.026162 1.594913 0.055485 -0.003574 2.262122 -0.044366 0.705534 48.525442 -10709.760038 0.107459
