0.128906 2.458491 1.459206 2.349238 1.376808 2.549758 1.509738 0.208334 0.200520 2.043259 0.180363 0.160767 54.484643 3396.082383 0.211898
0.386719 2.691953 1.560402 2.532063 1.380924 2.856166 1.691511 0.182477 0.324102 2.183612 0.065579 0.184008 49.333094 3517.398024 0.249311
0.644531 3.204891 1.803716 2.924313 1.493875 3.512177 1.962409 0.139800 0.587864 2.466315 0.058896 0.241436 47.728294 5260.393435 0.384047
0.902344 3.858354 2.023386 3.457608 1.622283 4.323377 2.086221 0.106509 0.865769 2.642749 0.055783 0.328966 46.287911 5471.494482 0.569271
1.160156 4.524934 2.038461 4.089282 1.648849 5.025724 2.017368 0.084120 0.936441 2.605471 0.055779 0.420870 46.521998 5831.958589 0.597534
1.417969 5.124768 1.896837 4.726358 1.680556 5.569496 1.763294 0.070192 0.843138 2.435872 0.059868 0.514003 47.253222 5458.593260 0.558253
1.675781 5.552218 1.755295 5.249367 1.627950 5.877039 1.687998 0.062075 0.627673 2.345113 0.061602 0.594603 48.249945 4897.305168 0.446029
1.933594 5.840733 1.631414 5.649746 1.572194 6.038458 1.615865 0.058813 0.388713 2.254510 0.058044 0.642168 49.133385 4182.794110 0.308580
2.191406 6.019739 1.567673 5.918325 1.531654 6.122272 1.583179 0.055971 0.203947 2.202821 0.041302 0.681436 49.725637 3341.857604 0.167933
2.449219 6.096943 1.552299 6.039931 1.544743 6.153470 1.553372 0.054388 0.113539 2.190707 0.041407 0.701659 50.213687 4360.501771 0.089608
2.707031 6.148875 1.556162 6.132744 1.551400 6.164702 1.560328 0.053850 0.031958 2.200333 0.041494 0.713609 50.476455 4296.254857 0.046618
2.964844 6.141770 1.548290 6.149660 1.561420 6.133401 1.534223 0.049174 -0.016259 2.189035 -0.038091 0.759174 48.522240 -10927.455572 0.138035
