0.128906 2.417536 1.468758 2.327789 1.406478 2.495104 1.509608 0.237306 0.167315 2.063273 0.167618 0.155043 53.639757 3332.778898 0.241944
0.386719 2.672051 1.550365 2.563864 1.434464 2.778608 1.641636 0.189579 0.214744 2.180059 0.066471 0.183816 50.379673 3933.850865 0.169477
0.644531 3.170593 1.719049 2.966038 1.499715 3.388305 1.860559 0.145348 0.422268 2.389733 0.046786 0.233230 48.441984 4415.428459 0.280289
0.902344 3.832153 1.882917 3.533111 1.619632 4.161330 1.965937 0.106411 0.628219 2.547179 0.051595 0.318095 47.601586 5229.239823 0.409535
1.160156 4.515878 1.949487 4.179344 1.703406 4.889503 1.957357 0.079467 0.710160 2.594772 0.054557 0.421558 47.388522 4582.377999 0.487558
1.417969 5.116168 1.839201 4.799573 1.663169 5.459649 1.803457 0.065659 0.660076 2.453282 0.053099 0.515972 47.963408 4739.110619 0.440292
1.675781 5.556033 1.701052 5.319010 1.595220 5.806261 1.690855 0.056157 0.487251 2.324590 0.048923 0.592198 48.644959 3673.710005 0.348229
1.933594 5.850616 1.619933 5.689218 1.577143 6.015363 1.609879 0.051999 0.326145 2.253684 0.054599 0.648931 49.486536 4351.880968 0.243930
2.191406 6.012807 1.582675 5.925668 1.547960 6.099998 1.602210 0.050133 0.174330 2.227837 0.045434 0.679436 49.984841 3940.936203 0.138856
2.449219 6.106785 1.545344 6.063939 1.525234 6.149313 1.561674 0.048576 0.085374 2.182926 0.038858 0.704346 50.185970 3270.528126 0.086330
2.707031 6.144878 1.555157 6.116933 1.544970 6.172326 1.563643 0.048102 0.055393 2.198161 0.042092 0.714982 50.448541 4532.933587 0.052710
2.964844 6.148753 1.548786 6.158367 1.568795 6.138709 1.527687 0.046967 -0.019659 2.189736 -0.019591 0.733056 48.909125 -8427.005201 0.123062
