0.128906 3.296740 2.502765 3.136763 2.329673 3.424985 2.604560 0.175339 0.288223 3.494440 0.294354 0.257664 55.504695 4305.288955 0.373764
0.386719 3.443640 2.669874 3.291085 2.396453 3.592121 2.891295 0.165742 0.301036 3.755339 0.100771 0.280910 50.676710 4762.067605 0.237236
0.644531 3.732121 2.834802 3.514678 2.572701 3.959159 3.007553 0.139008 0.444481 3.957798 0.067298 0.322167 48.920735 4781.522221 0.314432
0.902344 4.126258 2.990305 3.873334 2.743976 4.397345 3.112270 0.116716 0.524011 4.149173 0.060089 0.378455 48.267003 4711.397620 0.377766
1.160156 4.554302 2.905589 4.297866 2.766288 4.831632 2.908212 0.095625 0.533765 4.013732 0.039702 0.443693 48.042756 3688.272192 0.363426
1.417969 5.015042 2.630339 4.758957 2.587119 5.290015 2.530721 0.079795 0.531059 3.619079 0.044966 0.513312 48.221613 3702.950184 0.376698
1.675781 5.341088 2.351611 5.126051 2.389548 5.566406 2.212640 0.071119 0.440355 3.256642 0.042610 0.565899 48.832499 4283.272339 0.295530
1.933594 5.598931 2.085025 5.426342 2.153512 5.778298 1.950718 0.063970 0.351956 2.905670 0.036611 0.608954 49.037018 3174.265328 0.254285
2.191406 5.813058 1.839468 5.684270 1.890084 5.944590 1.753535 0.058481 0.260320 2.578236 0.034021 0.649591 49.473183 3328.357072 0.184156
2.449219 5.946689 1.688052 5.874735 1.717475 6.019219 1.647915 0.055703 0.144483 2.380198 0.033432 0.669745 49.800688 2496.042861 0.131977
2.707031 6.034335 1.621076 5.986827 1.642680 6.081026 1.595445 0.054531 0.094199 2.289944 0.039084 0.682774 50.434001 5535.235105 0.047989
2.964844 6.052082 1.579428 6.065300 1.605083 6.037991 1.551696 0.049674 -0.027310 2.232499 -0.047713 0.719404 48.404064 -11481.575817 0.120803
