0.128906 4.939103 3.057561 4.761564 3.042122 5.060767 3.031739 0.105663 0.299203 4.294875 0.574340 0.480986 59.337494 4444.125769 0.499702
0.386719 4.929751 3.164306 4.800469 3.211581 5.047153 3.092414 0.111294 0.246684 4.458394 0.180978 0.489906 52.408083 4745.373178 0.228797
0.644531 4.946185 3.204221 4.794817 3.182067 5.091923 3.182251 0.106546 0.297106 4.500253 0.115468 0.508852 50.947439 5087.667232 0.219712
0.902344 4.972872 3.150558 4.795229 3.098813 5.150797 3.139120 0.105370 0.355568 4.410977 0.078849 0.516915 49.960455 5055.751032 0.241831
1.160156 5.056296 3.142968 4.809311 3.143749 5.316298 3.010328 0.102189 0.506987 4.352612 0.054435 0.525949 48.716252 4478.458492 0.338648
1.417969 5.099694 3.130156 4.835802 3.142054 5.379517 2.965396 0.099936 0.543715 4.320425 0.061519 0.529237 48.534908 5296.112496 0.384911
1.675781 5.248175 2.944894 4.980063 3.051003 5.536740 2.670053 0.094256 0.556677 4.054356 0.038467 0.555548 48.162944 4113.146410 0.374272
1.933594 5.444853 2.644595 5.189204 2.826396 5.717129 2.307229 0.088267 0.527925 3.648537 0.039034 0.585750 48.425348 4814.361292 0.346494
2.191406 5.629417 2.272580 5.422018 2.436055 5.846584 2.009205 0.083785 0.424565 3.157732 0.046597 0.612641 48.849674 4641.856375 0.312253
2.449219 5.757164 2.004485 5.611705 2.141164 5.906447 1.820212 0.080139 0.294742 2.810295 0.030738 0.635788 49.351190 4360.792217 0.191712
2.707031 5.833223 1.848361 5.742236 1.957732 5.925392 1.720686 0.077564 0.183156 2.606430 0.026764 0.646780 49.676897 3460.190575 0.130352
2.964844 5.857190 1.753230 5.847101 1.820162 5.867954 1.681597 0.070695 0.020853 2.478055 -0.038055 0.685546 48.382417 -11480.101812 0.146653
