0.128906 3.142344 2.312407 2.972357 2.025979 3.278883 2.500623 0.186852 0.306526 3.218340 0.277601 0.233252 55.455920 4575.480189 0.354801
0.386719 3.302318 2.454097 3.123943 2.145278 3.482531 2.701474 0.172068 0.358588 3.449664 0.088228 0.260936 49.743850 4151.999375 0.288600
0.644531 3.585783 2.733006 3.357115 2.360330 3.829914 3.015460 0.144184 0.472799 3.829381 0.060785 0.299037 48.364695 4245.066771 0.346361
0.902344 4.040180 2.848853 3.782283 2.550093 4.319102 3.022240 0.112655 0.536819 3.954353 0.046758 0.363571 48.041675 4287.590972 0.359031
1.160156 4.528155 2.781555 4.251403 2.585164 4.829351 2.821217 0.091163 0.577947 3.826530 0.042728 0.431866 47.885245 3939.851432 0.389093
1.417969 4.999802 2.584737 4.720106 2.540463 5.298966 2.458918 0.075245 0.578860 3.535567 0.050795 0.507175 48.318334 4958.771155 0.379954
1.675781 5.367956 2.235785 5.140840 2.275831 5.606619 2.082539 0.066582 0.465779 3.084862 0.045837 0.566882 48.760408 4273.321624 0.316213
1.933594 5.646692 1.946226 5.477600 2.012162 5.820967 1.818428 0.059740 0.343367 2.712098 0.037781 0.617480 49.245326 3836.005056 0.227571
2.191406 5.862590 1.780859 5.745364 1.831527 5.980932 1.701831 0.056869 0.235569 2.500144 0.043381 0.653271 49.763003 4309.873298 0.167072
2.449219 5.997876 1.662631 5.927704 1.700095 6.067588 1.615661 0.054990 0.139884 2.345354 0.051101 0.678311 50.164232 4639.529138 0.127223
2.707031 6.062762 1.580263 6.022664 1.577953 6.102667 1.579369 0.054704 0.080002 2.232564 0.036219 0.689219 50.120372 3106.925995 0.089244
2.964844 6.082275 1.561163 6.091882 1.579740 6.072149 1.541379 0.050652 -0.019733 2.207131 -0.039789 0.719622 48.681338 -9826.214192 0.098276
