0.128906 2.439196 1.486306 2.338847 1.414098 2.523049 1.531198 0.186613 0.184202 2.084284 0.181532 0.157410 54.477864 2750.183871 0.219870
0.386719 2.699907 1.618073 2.513015 1.388373 2.893679 1.782469 0.160098 0.380664 2.259375 0.072018 0.189222 49.096161 3232.029223 0.288209
0.644531 3.226167 1.867893 2.880716 1.463561 3.618679 2.037648 0.131069 0.737963 2.508788 0.065558 0.245991 46.811445 5042.232320 0.490853
0.902344 3.888296 2.058614 3.441106 1.595165 4.419818 2.089254 0.106300 0.978712 2.628600 0.067113 0.328046 45.691604 5333.338989 0.665994
1.160156 4.541873 2.083332 4.040006 1.637061 5.132796 1.963040 0.089998 1.092789 2.556070 0.069128 0.417505 45.925253 6651.288468 0.708244
1.417969 5.119280 1.921724 4.673254 1.625742 5.622861 1.777694 0.078357 0.949608 2.408990 0.067693 0.506781 46.969586 6674.511381 0.617805
1.675781 5.551690 1.740481 5.208604 1.604507 5.923741 1.621867 0.070148 0.715137 2.281424 0.063311 0.589947 47.974827 5731.197079 0.490700
1.933594 5.827730 1.621925 5.613487 1.553684 6.051720 1.595111 0.066092 0.438233 2.226727 0.048834 0.639229 48.887805 4214.909416 0.318615
2.191406 6.009640 1.585109 5.881076 1.559459 6.139755 1.577411 0.063155 0.258679 2.218138 0.054816 0.685131 49.700423 4766.441415 0.212470
2.449219 6.091341 1.567828 6.030040 1.545906 6.152519 1.582213 0.062720 0.122479 2.212063 0.043550 0.697291 50.050276 3818.699852 0.122474
2.707031 6.142666 1.563983 6.113202 1.550742 6.172133 1.575489 0.059557 0.058931 2.210648 0.037101 0.735957 49.998319 1740.742533 0.111487
2.964844 6.138381 1.543755 6.157792 1.560134 6.117308 1.525122 0.051597 -0.040484 2.181746 -0.045753 0.807809 47.949549 -15351.107488 0.229158
