0.128906 2.726308 1.660058 2.595105 1.545132 2.834914 1.729146 0.220054 0.239809 2.318917 0.213619 0.185847 54.711481 4382.240082 0.268030
0.386719 2.939823 1.921309 2.759421 1.625941 3.126825 2.158780 0.191117 0.367404 2.702594 0.072285 0.217319 49.101619 3975.390633 0.293454
0.644531 3.364292 2.281614 3.098784 1.886180 3.657971 2.554783 0.142991 0.559187 3.175625 0.048277 0.266526 47.481065 4145.307164 0.384766
0.902344 3.942862 2.487214 3.631573 2.120395 4.288761 2.667496 0.107123 0.657188 3.407581 0.052936 0.342816 47.366832 4770.683466 0.446407
1.160156 4.526525 2.464042 4.190213 2.210295 4.898760 2.481146 0.082659 0.708547 3.322874 0.047551 0.429330 47.465064 4884.221635 0.456770
1.417969 5.044172 2.281554 4.733800 2.185604 5.382222 2.166860 0.069035 0.648422 3.077686 0.044708 0.508400 47.865732 4359.178584 0.424462
1.675781 5.452509 1.994917 5.208537 1.974683 5.706800 1.889302 0.060346 0.498263 2.732917 0.056069 0.578989 48.964622 5659.580510 0.319621
1.933594 5.725386 1.778763 5.547548 1.803281 5.910467 1.686077 0.055263 0.362919 2.468741 0.039692 0.626506 49.001935 2948.078729 0.271555
2.191406 5.932125 1.654611 5.816695 1.664100 6.048508 1.618065 0.051608 0.231814 2.321069 0.047239 0.669636 49.794619 4256.425412 0.174130
2.449219 6.042340 1.590267 5.979828 1.597298 6.103895 1.575706 0.050094 0.124066 2.243705 0.038079 0.687680 50.385568 5479.548148 0.052119
2.707031 6.095483 1.571114 6.054268 1.569750 6.136414 1.569106 0.049042 0.082146 2.219506 0.035644 0.696543 50.172212 3387.859262 0.079017
2.964844 6.116754 1.553700 6.128347 1.552789 6.104525 1.554369 0.046373 -0.023821 2.197093 -0.036338 0.726304 48.664426 -9909.126505 0.112430
