0.128906 5.972494 1.828928 5.938575 1.841928 5.994819 1.819116 0.093496 0.056244 2.588800 0.725612 0.637384 60.307782 4333.207231 0.586313
0.386719 5.953750 1.878728 5.886484 1.877795 6.012468 1.872144 0.093098 0.125984 2.651610 0.252371 0.678022 53.392302 4800.797822 0.217773
0.644531 5.912946 1.863678 5.854843 1.837703 5.966572 1.881660 0.092160 0.111729 2.630171 0.150714 0.675052 52.003064 4967.529165 0.134321
0.902344 5.838942 2.007489 5.725201 2.030460 5.950435 1.959861 0.092840 0.225234 2.822025 0.105764 0.663130 50.499185 4091.179595 0.238777
1.160156 5.754394 2.125583 5.590702 2.201738 5.919903 1.994096 0.094536 0.329201 2.970534 0.078791 0.646469 49.724004 4163.079712 0.278944
1.417969 5.585523 2.514122 5.331578 2.643421 5.853259 2.238128 0.097931 0.521682 3.463653 0.055207 0.616293 48.678209 4483.978373 0.364314
1.675781 5.434684 2.798830 5.095145 2.968539 5.808084 2.345983 0.100245 0.712939 3.783631 0.038979 0.590208 47.625198 4682.285238 0.465648
1.933594 5.312990 3.068865 4.922016 3.287006 5.754578 2.454836 0.103691 0.832562 4.102515 0.036227 0.555401 46.960362 5256.691082 0.538260
2.191406 5.363468 2.894960 4.971961 3.219074 5.808003 2.155297 0.098845 0.836041 3.873983 0.033714 0.568077 46.828654 4713.576527 0.557006
2.449219 5.521387 2.447602 5.225938 2.752172 5.845658 1.912362 0.094559 0.619719 3.351355 0.034866 0.589090 47.674524 3467.324399 0.446947
2.707031 5.625422 2.101839 5.450374 2.325979 5.812730 1.794129 0.088490 0.362356 2.937529 0.021687 0.622490 48.308304 -640.679795 0.323556
2.964844 5.643821 1.934315 5.612005 2.015734 5.679410 1.840846 0.075812 0.067405 2.729816 -0.042546 0.686076 47.202242 -18125.948669 0.329624
