0.128906 2.468577 1.493267 2.322184 1.384607 2.594557 1.552463 0.185086 0.272373 2.080211 0.187565 0.162926 53.747323 2843.198945 0.286069
0.386719 2.708687 1.584709 2.527609 1.376042 2.895224 1.731094 0.166654 0.367614 2.211375 0.069317 0.186491 49.257343 3440.226442 0.266880
0.644531 3.225074 1.834626 2.913654 1.459240 3.570426 2.024097 0.135011 0.656773 2.495266 0.065977 0.243663 47.416723 5206.546661 0.434720
0.902344 3.878079 1.996027 3.448851 1.550226 4.383045 2.048753 0.107844 0.934194 2.569161 0.059859 0.326145 45.946394 5414.850384 0.616063
1.160156 4.542726 2.039887 4.082550 1.638648 5.077885 1.973843 0.087343 0.995335 2.565389 0.062421 0.420982 46.233249 5751.367289 0.653559
1.417969 5.108593 1.910436 4.687621 1.670565 5.581882 1.756873 0.075523 0.894261 2.424333 0.072036 0.507854 47.074775 5843.449319 0.616732
1.675781 5.548930 1.754373 5.220304 1.640486 5.903461 1.635038 0.069398 0.683157 2.316148 0.059751 0.582454 48.104046 5651.781253 0.458403
1.933594 5.831115 1.628212 5.616352 1.552464 6.055798 1.608724 0.063455 0.439446 2.235651 0.054137 0.650693 48.871357 4014.792666 0.339029
2.191406 6.015713 1.584292 5.901131 1.572956 6.130486 1.569323 0.061982 0.229355 2.221928 0.056794 0.679764 49.958427 5540.146716 0.177147
2.449219 6.095372 1.557148 6.047015 1.534263 6.143419 1.575254 0.061016 0.096404 2.198951 0.036568 0.699301 50.161038 3769.962537 0.083652
2.707031 6.139360 1.574314 6.105664 1.585274 6.172667 1.561248 0.059305 0.067004 2.224992 0.045856 0.727052 50.289763 4124.343747 0.089666
2.964844 6.138771 1.554309 6.161548 1.551127 6.114233 1.556577 0.053087 -0.047315 2.197482 -0.044961 0.777254 48.137834 -14765.380435 0.188814
