0.128906 5.490735 2.254941 5.312526 2.246175 5.605924 2.226811 0.092916 0.293398 3.162909 0.681259 0.553874 60.739486 4674.225032 0.515324
0.386719 5.444998 2.367448 5.244767 2.325316 5.628652 2.335590 0.098178 0.383885 3.295766 0.220002 0.574300 52.159202 4792.509923 0.347940
0.644531 5.294211 2.686665 5.014849 2.655038 5.580267 2.557308 0.101454 0.565418 3.686333 0.104872 0.554108 49.408055 4255.294971 0.397992
0.902344 5.145801 2.997173 4.725293 2.919944 5.603907 2.678808 0.104009 0.878614 3.962586 0.086280 0.531236 47.860385 6060.499365 0.554257
1.160156 4.975366 3.386697 4.481878 3.246640 5.551985 2.933304 0.107165 1.070107 4.375493 0.051922 0.501984 46.115779 5344.284206 0.674565
1.417969 4.951067 3.471045 4.411893 3.331617 5.603649 2.862082 0.102895 1.191756 4.392173 0.048756 0.506232 45.242012 5150.577893 0.786498
1.675781 5.201050 3.058688 4.681490 3.098701 5.820874 2.304736 0.097773 1.139384 3.861834 0.050857 0.532808 45.600099 5214.967885 0.764858
1.933594 5.418065 2.558436 4.995323 2.674748 5.901850 1.986766 0.093211 0.906526 3.331894 0.044107 0.560829 46.633155 4604.842008 0.615301
2.191406 5.635160 2.143655 5.302415 2.262277 5.999811 1.759352 0.089185 0.697396 2.865872 0.042268 0.596836 47.712452 5212.078832 0.466713
2.449219 5.783397 1.881870 5.546082 2.011428 6.034360 1.622321 0.085181 0.488278 2.584138 0.044083 0.632152 48.602401 5078.426830 0.347009
2.707031 5.866061 1.728887 5.722921 1.806954 6.016735 1.602441 0.081917 0.293814 2.415140 0.028094 0.658321 48.717910 -236.534396 0.285983
2.964844 5.877633 1.646651 5.850244 1.704163 5.907833 1.581496 0.071819 0.057588 2.324930 -0.037040 0.718597 47.559020 -16264.384038 0.297126
