0.128906 2.637533 1.614740 2.455073 1.403301 2.797021 1.745023 0.215066 0.341948 2.239276 0.196388 0.177954 53.358890 3805.964513 0.330064
0.386719 2.911287 1.899450 2.647500 1.534292 3.197159 2.138046 0.177030 0.549659 2.631595 0.076329 0.214230 47.991129 4258.943537 0.400218
0.644531 3.369764 2.265632 2.971191 1.666500 3.843471 2.564497 0.136786 0.872281 3.058409 0.058351 0.270746 45.693292 4970.166711 0.591087
0.902344 3.950243 2.465519 3.456883 1.853975 4.554726 2.551179 0.105391 1.097843 3.153686 0.049838 0.345375 44.939067 5391.485307 0.708988
1.160156 4.529806 2.439650 4.008437 1.940320 5.158545 2.318693 0.083641 1.150108 3.023438 0.056100 0.426660 45.332221 5643.273228 0.748622
1.417969 5.055689 2.234137 4.598272 1.970342 5.583067 2.018919 0.072119 0.984796 2.821042 0.049824 0.499975 46.447925 5283.959462 0.630219
1.675781 5.475478 1.927105 5.103877 1.817004 5.882524 1.730762 0.063290 0.778647 2.509390 0.058149 0.574346 47.723911 5837.080187 0.507130
1.933594 5.752050 1.726506 5.508374 1.679555 6.010279 1.646654 0.058675 0.501904 2.352100 0.048427 0.626669 48.550272 3764.561881 0.367225
2.191406 5.936929 1.610735 5.784105 1.609212 6.093323 1.563933 0.056328 0.309218 2.243981 0.050422 0.661198 49.422931 4198.490036 0.242157
2.449219 6.064960 1.561631 5.977903 1.558359 6.152112 1.549724 0.054521 0.174208 2.197755 0.044222 0.690743 49.972523 4420.693059 0.136981
2.707031 6.112286 1.568578 6.068061 1.568550 6.156223 1.564732 0.054069 0.088163 2.215567 0.035333 0.703542 50.163373 3704.988734 0.079288
2.964844 6.129638 1.538535 6.128931 1.524501 6.130396 1.553586 0.048789 0.001465 2.176633 -0.038178 0.752197 48.249803 -12223.573503 0.182960
