0.128906 3.866438 3.178339 3.700767 3.006016 3.987064 3.269273 0.145307 0.286296 4.441203 0.402226 0.331782 57.866750 4782.267623 0.381787
0.386719 3.927818 3.139807 3.818924 3.000096 4.030264 3.249594 0.143754 0.211341 4.422718 0.118953 0.351381 51.525531 4277.644919 0.191267
0.644531 4.085736 3.214484 3.942112 3.051329 4.229234 3.336296 0.124981 0.287122 4.521225 0.075889 0.380086 50.021820 3996.671191 0.225056
0.902344 4.348695 3.236014 4.166663 3.076039 4.536329 3.331550 0.110524 0.369667 4.534451 0.060768 0.414895 49.242157 4047.092669 0.272473
1.160156 4.665157 3.133317 4.452085 3.066972 4.887042 3.105895 0.097570 0.434957 4.364963 0.056087 0.462093 48.986827 4747.321003 0.296776
1.417969 5.027214 2.892595 4.831166 2.887599 5.230331 2.816694 0.087030 0.399165 4.033856 0.054638 0.516330 49.114561 4654.676433 0.283866
1.675781 5.310698 2.589504 5.143173 2.633856 5.483239 2.485149 0.080230 0.340066 3.621210 0.044535 0.564102 49.262447 4206.632780 0.238909
1.933594 5.593105 2.205638 5.449980 2.299475 5.738125 2.068772 0.072831 0.288144 3.093122 0.042035 0.609367 49.671326 5158.118908 0.175366
2.191406 5.736847 1.996353 5.637120 2.049878 5.837702 1.921993 0.069675 0.200583 2.809993 0.039502 0.636972 49.718923 3546.219777 0.161756
2.449219 5.880590 1.813686 5.808020 1.859126 5.953415 1.757498 0.066753 0.145395 2.558349 0.037207 0.657562 49.912202 3480.934867 0.125460
2.707031 5.970582 1.694549 5.923955 1.729025 6.016513 1.656336 0.065756 0.092558 2.394363 0.045300 0.674889 50.376051 5540.445816 0.076258
2.964844 5.989070 1.643336 5.987461 1.676475 5.990771 1.608309 0.061295 0.003309 2.323193 -0.042917 0.703512 48.619328 -10156.703190 0.096744
