0.128906 4.091672 2.569594 3.817361 2.311873 4.312088 2.667634 0.146180 0.494726 3.530018 0.399411 0.357639 55.446906 4517.141151 0.593205
0.386719 3.967702 2.905325 3.567724 2.332437 4.409756 3.166253 0.142733 0.842032 3.932610 0.112715 0.356148 47.501565 4250.509715 0.615023
0.644531 3.959630 3.336480 3.422891 2.527040 4.634490 3.536558 0.130247 1.211599 4.346628 0.068594 0.360484 44.300021 4272.541642 0.841936
0.902344 4.186802 3.467765 3.598873 2.687867 4.942531 3.454811 0.116300 1.343658 4.377254 0.053258 0.382528 43.755830 5047.925381 0.881152
1.160156 4.581325 3.235630 3.978325 2.681800 5.339848 2.899555 0.100697 1.361523 3.949617 0.051489 0.433830 44.288636 6028.392941 0.864820
1.417969 4.981034 2.801662 4.443915 2.559127 5.626789 2.329404 0.088321 1.182874 3.460528 0.050076 0.491585 45.407940 5610.691237 0.763179
1.675781 5.304692 2.427677 4.832810 2.335237 5.854084 1.974221 0.077917 1.021274 3.057921 0.042064 0.549080 46.205239 4766.268333 0.665990
1.933594 5.584056 2.079093 5.210118 2.094657 5.997486 1.736364 0.071662 0.787368 2.720762 0.052006 0.598611 47.492104 5419.656856 0.530688
2.191406 5.773395 1.841957 5.506723 1.867414 6.059473 1.656518 0.067805 0.552750 2.496254 0.035117 0.632795 48.244526 3784.734714 0.375563
2.449219 5.913846 1.689349 5.737581 1.691665 6.095754 1.621805 0.065153 0.358173 2.343498 0.043605 0.658645 49.212449 4760.614620 0.254700
2.707031 6.010292 1.605805 5.903591 1.626725 6.118987 1.561083 0.063203 0.215396 2.254598 0.036780 0.682921 49.537240 3093.857739 0.184574
2.964844 6.038383 1.551807 6.032539 1.536929 6.044729 1.567889 0.055485 0.012190 2.195547 -0.042945 0.746572 47.934824 -13902.922226 0.223162
