0.128906 5.732424 2.096789 5.670717 2.080367 5.772543 2.103382 0.091197 0.101826 2.958402 0.704600 0.585746 60.599884 4340.182226 0.558858
0.386719 5.685795 2.188448 5.596098 2.191722 5.765615 2.172003 0.096181 0.169517 3.085651 0.237513 0.613695 52.913023 4516.884552 0.276883
0.644531 5.576074 2.370415 5.417551 2.390064 5.730052 2.303211 0.097900 0.312501 3.319215 0.143182 0.610065 50.726997 4373.792559 0.320776
0.902344 5.472472 2.596892 5.239255 2.636069 5.713413 2.442173 0.100382 0.474157 3.593476 0.078569 0.594779 49.185532 3912.565699 0.355927
1.160156 5.303205 2.859396 4.972584 2.878673 5.661154 2.592054 0.102083 0.688570 3.873693 0.065367 0.564741 48.015609 4610.476467 0.479897
1.417969 5.177563 3.183099 4.768035 3.237025 5.644414 2.712487 0.104420 0.876379 4.223259 0.045768 0.543456 46.729555 4223.728242 0.594541
1.675781 5.182656 3.210074 4.731146 3.352507 5.704420 2.537658 0.102194 0.973274 4.204642 0.044296 0.539030 46.390805 5502.600200 0.635221
1.933594 5.327464 2.908601 4.892628 3.062610 5.829597 2.260273 0.096259 0.936969 3.806365 0.036253 0.558866 46.408799 4535.888420 0.620689
2.191406 5.519777 2.459791 5.156861 2.692464 5.925020 1.888692 0.089363 0.768159 3.288848 0.038423 0.596967 47.244948 4505.833869 0.524764
2.449219 5.681738 2.081806 5.426318 2.285616 5.952219 1.723733 0.088052 0.525901 2.862742 0.041328 0.609255 48.568163 6301.388253 0.339102
2.707031 5.771721 1.857753 5.627625 1.986765 5.921758 1.679290 0.084575 0.294133 2.601394 0.030646 0.636634 48.989937 2033.767836 0.247796
2.964844 5.784760 1.742225 5.758959 1.793702 5.813171 1.684004 0.073095 0.054212 2.460332 -0.039150 0.701094 47.594149 -15908.438914 0.279723
