0.128906 5.389286 2.461749 5.257087 2.428707 5.479592 2.464227 0.102891 0.222505 3.459918 0.635703 0.537503 59.414121 4481.334417 0.592745
0.386719 5.354067 2.577109 5.237425 2.527956 5.458592 2.598038 0.100152 0.221167 3.624964 0.204267 0.576016 52.739432 4707.110107 0.216120
0.644531 5.223311 2.834896 5.056342 2.792839 5.386571 2.822106 0.103185 0.330229 3.970419 0.116543 0.543858 50.561742 4481.576195 0.271083
0.902344 5.165955 2.961560 4.914011 2.934689 5.430790 2.852945 0.105335 0.516779 4.092883 0.081499 0.532563 48.752708 3702.529523 0.416052
1.160156 5.103346 3.185512 4.773092 3.120858 5.463553 3.007321 0.104978 0.690461 4.334020 0.058354 0.525496 47.830948 4518.073792 0.470967
1.417969 5.090840 3.248236 4.699311 3.248284 5.536563 2.874999 0.102936 0.837253 4.337853 0.051700 0.522320 46.763588 3839.354013 0.596568
1.675781 5.201793 3.100504 4.788021 3.228540 5.674317 2.535492 0.096588 0.886297 4.105142 0.041862 0.545820 46.685542 4697.587812 0.590043
1.933594 5.406144 2.688578 5.033569 2.892724 5.822402 2.132138 0.091182 0.788834 3.593587 0.039469 0.572374 47.231221 4982.098967 0.518309
2.191406 5.580289 2.332310 5.279988 2.526777 5.904700 1.919566 0.086380 0.624712 3.173222 0.037907 0.603874 48.070243 5501.753688 0.401454
2.449219 5.719014 2.026800 5.501005 2.200303 5.947588 1.742810 0.082640 0.446583 2.806906 0.042191 0.627982 48.817063 5355.166655 0.307328
2.707031 5.812266 1.840171 5.678812 1.948679 5.949494 1.691449 0.079433 0.270683 2.580377 0.028592 0.649377 49.302713 3513.306562 0.194521
2.964844 5.834852 1.708234 5.807119 1.755701 5.865285 1.654375 0.070003 0.058166 2.412352 -0.043210 0.704916 47.679163 -15113.160623 0.253608
