0.128906 5.713944 1.987010 5.522249 1.895818 5.841207 2.006959 0.093995 0.318958 2.760799 0.694926 0.579598 60.100446 4685.143105 0.604103
0.386719 5.657777 2.069518 5.513857 2.027487 5.789601 2.071666 0.094869 0.275744 2.898707 0.226048 0.617977 52.193144 4186.408997 0.346660
0.644531 5.454822 2.405087 5.180868 2.347316 5.734859 2.309003 0.100310 0.553991 3.292627 0.117321 0.580959 49.450952 4151.112005 0.431557
0.902344 5.253321 2.832632 4.865442 2.771266 5.679830 2.552765 0.103553 0.814388 3.767828 0.082490 0.549223 47.628351 4342.010848 0.581975
1.160156 5.027629 3.280774 4.516022 3.162718 5.631644 2.746302 0.107091 1.115623 4.188670 0.059229 0.514122 45.858503 5054.816225 0.740414
1.417969 5.009577 3.482078 4.437349 3.381599 5.715158 2.704374 0.105959 1.277809 4.329994 0.044386 0.504548 44.781963 4850.536242 0.836211
1.675781 5.158708 3.182945 4.592920 3.185893 5.850176 2.309990 0.099777 1.257256 3.935221 0.044173 0.529193 45.001820 5275.356019 0.827811
1.933594 5.405001 2.651620 4.921342 2.760516 5.966597 1.938164 0.094336 1.045256 3.372970 0.044454 0.562645 46.271893 6297.299685 0.669955
2.191406 5.598263 2.213150 5.227107 2.333061 6.014898 1.750325 0.089524 0.787791 2.916643 0.042343 0.595213 47.113562 4027.407069 0.556840
2.449219 5.753679 1.928166 5.495483 2.043725 6.031260 1.655210 0.085805 0.535778 2.629930 0.035529 0.626331 48.191046 3690.948042 0.383260
2.707031 5.835510 1.741702 5.679969 1.836564 5.999203 1.589613 0.080259 0.319234 2.428958 0.032882 0.663141 48.723255 675.016107 0.301155
2.964844 5.847901 1.662851 5.814981 1.711500 5.884537 1.606160 0.070226 0.069556 2.347122 -0.042919 0.724903 47.328170 -17109.695208 0.321981
