0.128906 5.666394 2.257738 5.549138 2.269043 5.743193 2.235431 0.098255 0.194055 3.185233 0.688448 0.579829 60.424028 4687.572970 0.542064
0.386719 5.684042 2.331792 5.658772 2.314317 5.706403 2.346191 0.095211 0.047631 3.295554 0.232814 0.637403 53.052828 3965.438490 0.229207
0.644531 5.626244 2.393671 5.562006 2.385765 5.687206 2.393541 0.097192 0.125199 3.379484 0.133280 0.620156 51.307980 3816.373367 0.202675
0.902344 5.575715 2.506504 5.497108 2.486362 5.651041 2.514210 0.098473 0.153934 3.535993 0.101765 0.608609 51.065478 5052.252865 0.147039
1.160156 5.498120 2.618893 5.363710 2.658746 5.633530 2.542207 0.096831 0.269820 3.678553 0.065123 0.607386 49.814593 3736.916611 0.222933
1.417969 5.460585 2.697936 5.286089 2.813133 5.639958 2.516046 0.098134 0.353868 3.774150 0.050125 0.586812 49.310968 4108.599738 0.250479
1.675781 5.413029 2.781517 5.186193 2.938935 5.651212 2.505465 0.096899 0.465019 3.861954 0.051993 0.586196 48.779867 4729.853805 0.333759
1.933594 5.392259 2.818666 5.143198 3.025170 5.658442 2.460818 0.096017 0.515244 3.899651 0.038307 0.580817 48.338525 4214.763631 0.355816
2.191406 5.439669 2.731446 5.176064 2.999046 5.722556 2.289673 0.093230 0.546492 3.773179 0.032380 0.585326 48.235710 4804.665036 0.354403
2.449219 5.552218 2.439560 5.350367 2.717710 5.767033 2.054040 0.090403 0.416667 3.406615 0.028508 0.598673 48.444375 2276.003682 0.315590
2.707031 5.654156 2.150469 5.524493 2.310427 5.788117 1.949893 0.087440 0.263624 3.023269 0.033052 0.617451 49.184787 2722.019893 0.222137
2.964844 5.669593 2.038515 5.651449 2.121429 5.689262 1.947885 0.077619 0.037813 2.880055 -0.036661 0.669480 47.982646 -14029.130894 0.211872
