0.128906 2.367854 1.384906 2.295736 1.322916 2.427470 1.428296 0.203282 0.131733 1.946828 0.172985 0.151406 54.745098 2957.872121 0.181320
0.386719 2.615623 1.493997 2.555253 1.446809 2.673125 1.532166 0.178570 0.117871 2.107318 0.067497 0.177117 51.216518 3293.868970 0.108067
0.644531 3.093051 1.579582 2.988615 1.473622 3.199347 1.665030 0.142190 0.210732 2.223485 0.045587 0.226479 49.558490 2784.111626 0.175903
0.902344 3.763634 1.638939 3.595779 1.518551 3.934419 1.703594 0.105590 0.338640 2.282155 0.061277 0.308648 49.567234 5070.983133 0.229129
1.160156 4.500822 1.660329 4.310738 1.537523 4.697668 1.711338 0.084756 0.386930 2.300577 0.062140 0.407902 49.126061 4391.566856 0.292888
1.417969 5.139305 1.629931 4.957689 1.555683 5.324434 1.637719 0.069602 0.366745 2.258821 0.066082 0.518715 49.521033 5152.520254 0.264403
1.675781 5.610220 1.578719 5.485666 1.525119 5.734078 1.601252 0.062364 0.248412 2.211334 0.066293 0.602924 50.140118 5692.223104 0.177783
1.933594 5.914915 1.568644 5.831191 1.529124 5.997909 1.593983 0.058533 0.166717 2.208847 0.059038 0.660483 50.219044 4813.870589 0.142769
2.191406 6.054959 1.570824 6.012658 1.557796 6.096471 1.580129 0.057060 0.083814 2.218904 0.043929 0.692390 50.470496 4812.676412 0.055884
2.449219 6.129900 1.558569 6.112583 1.543128 6.146805 1.573064 0.055587 0.034223 2.203582 0.046494 0.707922 50.601955 4817.542427 0.041460
2.707031 6.164947 1.551831 6.163792 1.536412 6.166085 1.567032 0.055657 0.002293 2.194573 0.034837 0.714123 50.351260 2607.179792 0.047108
2.964844 6.157824 1.557003 6.167796 1.567961 6.147389 1.545323 0.052512 -0.020407 2.201483 -0.030840 0.740789 48.866374 -9078.896209 0.097713
