0.128906 2.388506 1.399624 2.315805 1.352239 2.448815 1.430911 0.172736 0.133010 1.968770 0.173544 0.151808 54.657842 2309.773686 0.186640
0.386719 2.618591 1.452914 2.535453 1.396697 2.698761 1.494032 0.157068 0.163307 2.045212 0.070253 0.174235 50.908675 2822.716239 0.140657
0.644531 3.097816 1.599577 2.969871 1.501552 3.225588 1.664796 0.133059 0.255717 2.241920 0.062514 0.224502 50.034043 4008.590802 0.184452
0.902344 3.776375 1.649014 3.591818 1.515919 3.965163 1.714677 0.108758 0.373345 2.288696 0.072463 0.308434 49.433331 5077.029617 0.276705
1.160156 4.510345 1.670817 4.292539 1.542766 4.735265 1.703472 0.089493 0.442726 2.298248 0.070590 0.413117 49.196572 5557.347871 0.310431
1.417969 5.144783 1.637029 4.934822 1.542336 5.359183 1.642743 0.076477 0.424360 2.253309 0.072697 0.522461 49.476923 6175.047638 0.291082
1.675781 5.619573 1.590808 5.468443 1.545438 5.771742 1.590336 0.070261 0.303298 2.217555 0.069725 0.604929 49.828787 5606.673117 0.234865
1.933594 5.899931 1.576554 5.805513 1.561188 5.993961 1.574137 0.068349 0.188448 2.217028 0.061572 0.647738 50.103093 5056.632276 0.168876
2.191406 6.065494 1.577075 6.029394 1.556056 6.100804 1.595112 0.066385 0.071410 2.228384 0.049108 0.685620 50.553336 5379.733794 0.058844
2.449219 6.135468 1.544148 6.116930 1.547171 6.153642 1.540516 0.064291 0.036712 2.183330 0.045217 0.711771 50.496203 4487.527415 0.054488
2.707031 6.158321 1.557036 6.158344 1.562000 6.158298 1.552095 0.063539 -0.000046 2.202009 0.035397 0.718946 50.120435 916.162174 0.086451
2.964844 6.152898 1.553991 6.159068 1.558781 6.146153 1.548669 0.055288 -0.012915 2.197310 -0.045551 0.793444 47.781246 -16475.911815 0.254281
