0.128906 2.475129 1.488045 2.363368 1.407269 2.566528 1.535536 0.185112 0.203160 2.082853 0.187534 0.163055 55.011287 3088.873077 0.191964
0.386719 2.718072 1.619471 2.535933 1.406935 2.907191 1.769940 0.167067 0.371258 2.261007 0.072091 0.190164 49.059986 3225.632652 0.291702
0.644531 3.241334 1.823461 2.919338 1.475540 3.604426 1.967036 0.132842 0.685088 2.458952 0.063196 0.247918 47.000723 4669.412503 0.467666
0.902344 3.875185 2.051483 3.412996 1.564253 4.428476 2.072895 0.106694 1.015480 2.596879 0.062214 0.330765 45.514309 5576.385911 0.673533
1.160156 4.555951 2.087206 4.072859 1.664307 5.128152 1.984271 0.087618 1.055293 2.589836 0.069687 0.425146 45.778025 5253.145183 0.734589
1.417969 5.115078 1.906722 4.671136 1.632354 5.614744 1.744039 0.075809 0.943608 2.388776 0.072229 0.517962 47.047328 6709.206905 0.627242
1.675781 5.549440 1.757463 5.225273 1.630983 5.898604 1.658594 0.069869 0.673330 2.326164 0.060719 0.590945 48.143718 5659.211839 0.458195
1.933594 5.844828 1.643946 5.623571 1.591021 6.075632 1.594817 0.065229 0.452060 2.252730 0.048550 0.647628 48.944076 4799.965623 0.310331
2.191406 6.005438 1.575534 5.878427 1.549490 6.133006 1.569215 0.062898 0.254579 2.205302 0.057271 0.676349 49.890578 5841.771865 0.189141
2.449219 6.097118 1.563797 6.032830 1.554118 6.161699 1.565197 0.060674 0.128869 2.205703 0.038319 0.704008 49.886728 2793.152055 0.133300
2.707031 6.139390 1.542755 6.116595 1.545185 6.162264 1.539273 0.059635 0.045670 2.181045 0.032854 0.721413 49.914082 736.377096 0.112681
2.964844 6.143819 1.553178 6.152088 1.562942 6.134804 1.542377 0.052256 -0.017284 2.195840 -0.039223 0.788205 47.840976 -15757.472327 0.261339
