0.128906 5.223012 2.703956 5.043470 2.554239 5.347842 2.770056 0.107001 0.304373 3.767936 0.604975 0.531868 58.987579 4634.447823 0.572207
0.386719 5.112528 2.827183 4.913259 2.689686 5.300013 2.884037 0.106441 0.386754 3.943613 0.198273 0.538791 51.523480 4443.838480 0.383079
0.644531 4.973042 3.044389 4.683168 2.942218 5.273214 2.973075 0.110632 0.590046 4.182800 0.107158 0.507196 49.127340 4591.311277 0.438305
0.902344 4.889290 3.206415 4.516432 3.061283 5.300669 3.043921 0.111583 0.784237 4.317049 0.069006 0.494272 47.543984 4703.632392 0.530896
1.160156 4.823017 3.432678 4.360418 3.242805 5.371054 3.103753 0.107511 1.010636 4.488771 0.044319 0.490447 45.773078 3626.171944 0.690314
1.417969 4.926586 3.364482 4.447115 3.239022 5.493277 2.919914 0.100898 1.046161 4.360867 0.047026 0.505249 45.831451 4811.520939 0.700711
1.675781 5.202604 2.943785 4.742392 2.961311 5.736045 2.393414 0.092080 0.993653 3.807597 0.047667 0.540576 46.315150 5284.929537 0.659375
1.933594 5.439972 2.502146 5.053507 2.614180 5.871603 2.023903 0.087634 0.818095 3.306073 0.042401 0.569233 47.239603 5633.647803 0.525185
2.191406 5.656835 2.126648 5.370316 2.263661 5.964183 1.797151 0.081843 0.593867 2.890313 0.042791 0.613039 48.246341 5446.585539 0.392451
2.449219 5.797289 1.883874 5.581062 1.993334 6.023430 1.669359 0.077796 0.442368 2.600027 0.038119 0.640533 48.879464 5372.924745 0.287883
2.707031 5.888971 1.711863 5.779957 1.785024 6.000984 1.611931 0.075240 0.221027 2.405126 0.031126 0.663519 49.321525 1926.999921 0.200515
2.964844 5.904554 1.631145 5.882989 1.666461 5.927935 1.591802 0.067045 0.044946 2.304545 -0.040203 0.714345 47.978665 -13299.031399 0.214817
