0.128906 5.318812 2.156162 5.149437 2.091353 5.435039 2.167439 0.097057 0.285602 3.011902 0.612636 0.528877 59.304757 4314.430675 0.540894
0.386719 5.190624 2.494253 4.871582 2.381272 5.499797 2.409512 0.103349 0.628216 3.387655 0.194708 0.523430 50.785469 4834.677543 0.476364
0.644531 4.966720 2.996027 4.502381 2.727425 5.476327 2.794485 0.110142 0.973946 3.904868 0.111938 0.498324 47.676079 5537.439148 0.645736
0.902344 4.716782 3.468698 4.135618 3.025100 5.444547 3.071603 0.112245 1.308929 4.311145 0.058051 0.466425 44.399961 3653.927624 0.897595
1.160156 4.683048 3.657481 4.030526 3.180049 5.528647 3.009372 0.111255 1.498122 4.378245 0.052688 0.455469 43.556028 5252.420336 0.979387
1.417969 4.935764 3.299857 4.313710 3.022476 5.721381 2.544284 0.102652 1.407671 3.950790 0.053953 0.488862 44.190331 5378.371535 0.935021
1.675781 5.243131 2.771751 4.701473 2.716099 5.891353 2.067044 0.095652 1.189880 3.413190 0.046650 0.528827 45.522053 5911.514913 0.764374
1.933594 5.503603 2.308717 5.059016 2.320976 6.016321 1.803752 0.088777 0.957305 2.939464 0.040927 0.573494 46.441498 4437.666828 0.642807
2.191406 5.702420 2.013968 5.362598 2.073671 6.075108 1.682947 0.083979 0.712510 2.670659 0.046378 0.607287 47.693593 5203.165111 0.487030
2.449219 5.820326 1.778213 5.580963 1.815424 6.074595 1.613170 0.079409 0.493632 2.428596 0.040671 0.648408 48.490147 4212.930803 0.358269
2.707031 5.918319 1.681410 5.772590 1.720983 6.071053 1.594349 0.075402 0.298463 2.346003 0.032787 0.681038 48.826479 639.416818 0.287180
2.964844 5.934581 1.589526 5.908710 1.622257 5.963329 1.551586 0.065783 0.054619 2.244802 -0.045486 0.744341 47.366833 -17016.222398 0.314312
