0.128906 2.527514 1.526726 2.417501 1.426495 2.621786 1.593358 0.242624 0.204286 2.138616 0.182174 0.164907 53.852405 4010.695295 0.260626
0.386719 2.783746 1.689419 2.640917 1.484441 2.926938 1.853961 0.202596 0.286021 2.375024 0.071520 0.195025 49.936599 4729.915767 0.219687
0.644531 3.251197 1.972398 3.012449 1.648812 3.516876 2.198471 0.147170 0.504428 2.748064 0.035539 0.250409 47.330475 3198.749067 0.354258
0.902344 3.880815 2.274770 3.549526 1.878484 4.250262 2.457816 0.103208 0.700736 3.093471 0.054908 0.331594 47.277283 5562.712541 0.458208
1.160156 4.505805 2.244755 4.143537 1.954049 4.909883 2.259350 0.078551 0.766346 2.987134 0.044525 0.421143 47.272082 5372.386279 0.469283
1.417969 5.075247 2.082851 4.749458 1.911472 5.433361 2.026320 0.062395 0.683903 2.785623 0.041103 0.512544 47.636705 3879.231600 0.447312
1.675781 5.516584 1.845811 5.253953 1.814794 5.793829 1.728875 0.054500 0.539876 2.506489 0.060074 0.588376 48.646598 4760.095068 0.380100
1.933594 5.803214 1.693530 5.632514 1.684774 5.980399 1.640979 0.050836 0.347885 2.351866 0.036519 0.639581 49.068046 2795.873324 0.253621
2.191406 5.976811 1.612964 5.867768 1.611511 6.086397 1.590466 0.047650 0.218629 2.264188 0.050310 0.675286 49.876095 4271.145140 0.170535
2.449219 6.076147 1.566907 6.029790 1.570885 6.121921 1.558761 0.046922 0.092131 2.213011 0.047231 0.690860 50.316640 4205.237899 0.090854
2.707031 6.134446 1.562404 6.115838 1.565004 6.152729 1.559175 0.046051 0.036891 2.209132 0.039191 0.707539 50.442019 3921.318084 0.045425
2.964844 6.124262 1.559360 6.137764 1.570403 6.109915 1.547225 0.043202 -0.027850 2.204557 -0.046997 0.732670 48.481241 -11084.535274 0.112483
