0.128906 4.635687 2.330739 4.272680 2.047852 4.912540 2.369341 0.114309 0.639860 3.131689 0.486029 0.426570 56.732192 4439.081724 0.629259
0.386719 4.418722 2.844831 3.948945 2.384411 4.928247 2.845228 0.120648 0.979302 3.712242 0.144081 0.415935 47.970628 4636.305730 0.677349
0.644531 4.224438 3.468952 3.588091 2.632828 5.047693 3.349037 0.119475 1.459602 4.260027 0.078069 0.398374 43.597314 4373.154733 0.994012
0.902344 4.304480 3.614039 3.616990 2.736409 5.237870 3.292664 0.116332 1.620881 4.281305 0.061178 0.398685 42.414622 4676.820989 1.086268
1.160156 4.624491 3.377076 3.931212 2.720806 5.542033 2.767641 0.105112 1.610821 3.881060 0.054618 0.435918 43.038848 5714.914384 1.037546
1.417969 4.993141 2.952611 4.345989 2.555072 5.802503 2.270947 0.095006 1.456514 3.418420 0.054845 0.489316 44.431600 7056.660275 0.911159
1.675781 5.296027 2.507466 4.761706 2.365229 5.939323 1.921156 0.087770 1.177617 3.047154 0.054564 0.536769 45.373115 4424.134582 0.816711
1.933594 5.572149 2.103331 5.155002 2.070150 6.041688 1.724346 0.082902 0.886686 2.694233 0.046342 0.574807 47.045680 5792.969834 0.570579
2.191406 5.757784 1.837545 5.448465 1.829417 6.096010 1.627417 0.078256 0.647545 2.448520 0.039064 0.619696 47.767890 3638.740220 0.457778
2.449219 5.900072 1.680776 5.696317 1.684984 6.114798 1.586482 0.074170 0.418481 2.314325 0.040937 0.655749 48.689241 3174.350873 0.328825
2.707031 6.002681 1.594620 5.888300 1.608419 6.121644 1.552508 0.070726 0.233344 2.235463 0.030921 0.689803 49.018236 -76.051255 0.251571
2.964844 6.015117 1.556060 5.994521 1.564880 6.038021 1.545256 0.060998 0.043501 2.199242 -0.042841 0.755354 47.346939 -17273.200782 0.328641
