0.128906 2.367507 1.433332 2.303441 1.388264 2.420594 1.464457 0.178909 0.117153 2.017897 0.169520 0.149327 54.686002 2335.861814 0.177617
0.386719 2.607517 1.477311 2.533390 1.419018 2.678484 1.522822 0.159512 0.145094 2.081489 0.069904 0.176070 51.088807 2885.591558 0.125500
0.644531 3.100686 1.587521 2.969988 1.483402 3.231478 1.657514 0.131399 0.261490 2.224373 0.060624 0.226646 49.982050 3972.055031 0.183465
0.902344 3.765672 1.629895 3.595276 1.501744 3.940144 1.700942 0.106253 0.344868 2.269017 0.065379 0.306753 49.409018 4436.625117 0.257887
1.160156 4.499890 1.668826 4.279671 1.533953 4.726326 1.706368 0.087301 0.446655 2.294494 0.077532 0.417363 49.304115 5887.089328 0.318203
1.417969 5.138253 1.641447 4.948799 1.547661 5.332244 1.663094 0.076619 0.383445 2.271814 0.070457 0.514480 49.408502 5145.690068 0.292908
1.675781 5.614357 1.580124 5.474050 1.508238 5.754270 1.612603 0.070533 0.280220 2.208001 0.070291 0.597912 50.070152 6328.519333 0.200354
1.933594 5.902274 1.543343 5.812276 1.515102 5.991755 1.555361 0.066506 0.179479 2.171332 0.060579 0.656512 50.144006 4966.083973 0.159138
2.191406 6.063629 1.552032 6.022099 1.541190 6.104644 1.559353 0.064605 0.082545 2.192453 0.057069 0.695404 50.312366 4054.348109 0.120684
2.449219 6.123025 1.570882 6.104259 1.571146 6.141429 1.569939 0.064464 0.037170 2.221083 0.045458 0.706545 50.487544 4472.042459 0.056949
2.707031 6.153647 1.559735 6.148169 1.568030 6.159076 1.551453 0.063287 0.010906 2.205839 0.033497 0.721799 50.220222 2017.946578 0.064080
2.964844 6.154278 1.550087 6.169738 1.557764 6.137486 1.541207 0.056317 -0.032252 2.191335 -0.049827 0.771463 47.935772 -16321.290365 0.206927
